1.470939999999999914e+00 1.045854630000000035e-01 2.808498931845643369e+02 3.965504569072864172e+01 2.411948474938356526e+02
1.472624574290483990e+00 6.159665871404798598e-02 3.078747792786201671e+02 4.342080477163683128e+01 2.644539745069833998e+02
1.474309148580968287e+00 5.335340954014252540e-02 3.374334498910466777e+02 4.754337868286951618e+01 2.898900712081771758e+02
1.475993722871452363e+00 7.307620169781117725e-02 3.697628527049719196e+02 5.205631220822778005e+01 3.177065404967441395e+02
1.477678297161936438e+00 7.269112210694946008e-02 4.051219457917069917e+02 5.699621888960255234e+01 3.481257269021044181e+02
1.479362871452420514e+00 8.876444845503550507e-02 4.437936945435542384e+02 6.240303467863525100e+01 3.813906598649189732e+02
1.481047445742904811e+00 7.887540063020268000e-02 4.860872346884871149e+02 6.832028373881544780e+01 4.177669509496716387e+02
1.482732020033388887e+00 7.776186293445751241e-02 5.323402103626598318e+02 7.479535383258745185e+01 4.575448565300723658e+02
1.484416594323872962e+00 8.763121769743439926e-02 5.829212950292112509e+02 8.187977734576791988e+01 5.010415176834433169e+02
1.486101168614357260e+00 9.383611142041040076e-02 6.382329011218558890e+02 8.962951214997856653e+01 5.486033889718772798e+02
1.487785742904841335e+00 1.006408546329636416e-01 6.987140814147372794e+02 9.810521404416373059e+01 6.006088673705735346e+02
1.489470317195325411e+00 1.081169581830950660e-01 7.648436209612585799e+02 1.073724892738708405e+02 6.574711316873878104e+02
1.491154891485809486e+00 1.128223954520862354e-01 8.371433126027885692e+02 1.175021113846931797e+02 7.196412012180952615e+02
1.492839465776293784e+00 1.259198935140401487e-01 9.161814010166170874e+02 1.285701811585151688e+02 7.876112198581020039e+02
1.494524040066777859e+00 1.430348324800598814e-01 1.002576169418906034e+03 1.406582012893873355e+02 8.619179681295186128e+02
1.496208614357261935e+00 1.405478008885360786e-01 1.096999628585696200e+03 1.538530284093652085e+02 9.431466001763309350e+02
1.497893188647746232e+00 1.424501315796840306e-01 1.200181248866373153e+03 1.682466536594590423e+02 1.031934595206914082e+03
1.499577762938230308e+00 1.417144998693209146e-01 1.312911651239125831e+03 1.839357487851119686e+02 1.128975902454013976e+03
1.501262337228714383e+00 1.529424652640568316e-01 1.436046141950100491e+03 2.010208973199850675e+02 1.235025244630115594e+03
1.502946911519198681e+00 1.625802359597402214e-01 1.570507935548844898e+03 2.196054095321690056e+02 1.350902526016675893e+03
1.504631485809682756e+00 1.874294600372036768e-01 1.717290861868445745e+03 2.397935954498708782e+02 1.477497266418574782e+03
1.506316060100166832e+00 2.070789747650441104e-01 1.877461292619466121e+03 2.616883429929827685e+02 1.615772949626483523e+03
1.508000634390650907e+00 2.079326949896209975e-01 2.052158952273598516e+03 2.853878194476665158e+02 1.766771132825932227e+03
1.509685208681135205e+00 2.243838476554898542e-01 2.242596196422549838e+03 3.109810871057554778e+02 1.931615109316794360e+03
1.511369782971619280e+00 2.487581876333512798e-01 2.450055251311463962e+03 3.385424028838932600e+02 2.111512848427570589e+03
1.513054357262103355e+00 2.712629721773223701e-01 2.675882816181304861e+03 3.681239652401769717e+02 2.307758850941128003e+03
1.514738931552587653e+00 2.936612228655595680e-01 2.921481344994144365e+03 3.997468918761322243e+02 2.521734453118012425e+03
1.516423505843071728e+00 3.125758260234979269e-01 3.188296261108533599e+03 4.333902755949673633e+02 2.754905985513566065e+03
1.518108080133555804e+00 3.252749056040166176e-01 3.477798338978733682e+03 4.689782953841130393e+02 3.008820043594620529e+03
1.519792654424039879e+00 3.530120762971602488e-01 3.791460538690098019e+03 5.063655810943148481e+02 3.285094957595782944e+03
1.521477228714524177e+00 3.784152924367951143e-01 4.130728733693731556e+03 5.453213683014849948e+02 3.585407365392246902e+03
1.523161803005008252e+00 4.103212655256884833e-01 4.496986058814651187e+03 5.855134512947665826e+02 3.911472607519885059e+03
1.524846377295492328e+00 4.360644825899525068e-01 4.891511040539894566e+03 6.264935395277997259e+02 4.265017501012094726e+03
1.526530951585976625e+00 4.615481991111113347e-01 5.315430241517356080e+03 6.676862960715410509e+02 4.647743945445814461e+03
1.528215525876460701e+00 4.969627198712116556e-01 5.769666795759950219e+03 7.083849706826281363e+02 5.061281825077321628e+03
1.529900100166944776e+00 5.398865310134925988e-01 6.254886811303177637e+03 7.477569414885998640e+02 5.507129869814576523e+03
1.531584674457429074e+00 5.826630538835251283e-01 6.771446004183493642e+03 7.848623856398295402e+02 5.986583618543663761e+03
1.533269248747913149e+00 6.244856783818802937e-01 7.319338927461218191e+03 8.186884321401594207e+02 6.500650495321059680e+03
1.534953823038397225e+00 6.704483318023194416e-01 7.898152679131336299e+03 8.481993213164569170e+02 7.049953357814878473e+03
1.536638397328881300e+00 7.132045172179215520e-01 8.507026112270856174e+03 8.724003519673511846e+02 7.634625760303504649e+03
1.538322971619365598e+00 7.668316559325559778e-01 9.144614695429234416e+03 8.904101473471172312e+02 8.254204548082117981e+03
1.540007545909849673e+00 8.198532420563218182e-01 9.809060868543059769e+03 9.015328003434497077e+02 8.907528068199611880e+03
1.541692120200333749e+00 8.756203618414944989e-01 1.049797059196633199e+04 9.053197548505163468e+02 9.592650837115816103e+03
1.543376694490818046e+00 9.376257686143484316e-01 1.120839899955617511e+04 9.016116744506369969e+02 1.030678732510553891e+04
1.545061268781302122e+00 1.000614565690522539e+00 1.193685113331366847e+04 8.905533024676145715e+02 1.104629783084605333e+04
1.546745843071786197e+00 1.063281882387403066e+00 1.267930638944062048e+04 8.725788905173685635e+02 1.180672749892325010e+04
1.548430417362270273e+00 1.130589951152273454e+00 1.343127592663633914e+04 8.483709517056324785e+02 1.258290497493070689e+04
1.550114991652754570e+00 1.204178734928795791e+00 1.418789967216833429e+04 8.187994507729210909e+02 1.336910022139541434e+04
1.551799565943238646e+00 1.278466161782068733e+00 1.494408365063903875e+04 7.848509963107245540e+02 1.415923265432831613e+04
1.553484140233722721e+00 1.350862950496716453e+00 1.569467049867505557e+04 7.475577859985345412e+02 1.494711271267652046e+04
1.555168714524207019e+00 1.425632487840957197e+00 1.643462853328003985e+04 7.079343409033331227e+02 1.572669419237670627e+04
1.556853288814691094e+00 1.499342377434760065e+00 1.715923997035854700e+04 6.669272634130803681e+02 1.649231270694546402e+04
1.558537863105175170e+00 1.574856279866719611e+00 1.786426828480700715e+04 6.253802497230680046e+02 1.723888803508393903e+04
1.560222437395659245e+00 1.655289479411051978e+00 1.854608828247252313e+04 5.840140508159993260e+02 1.796207423165652290e+04
1.561907011686143543e+00 1.736730040480930048e+00 1.920176894913853539e+04 5.434193450155203209e+02 1.865834960412301371e+04
1.563591585976627618e+00 1.803123439289888941e+00 1.982910662689996025e+04 5.040596028491464153e+02 1.932504702405081480e+04
1.565276160267111694e+00 1.873410179581921575e+00 2.042661271472629596e+04 4.662808421255265898e+02 1.996033187260077102e+04
1.566960734557595991e+00 1.941003264433889486e+00 2.099346470437531025e+04 4.303254599644488962e+02 2.056313924441085692e+04
1.568645308848080067e+00 2.010717208945091983e+00 2.152943155966686754e+04 3.963478652681372409e+02 2.113308369439873059e+04
1.570329883138564142e+00 2.083115465722891191e+00 2.203478450534231888e+04 3.644302446045157922e+02 2.167035426073780036e+04
1.572014457429048218e+00 2.152539878049221311e+00 2.251020285737818631e+04 3.345973630414345052e+02 2.217560549433675260e+04
1.573699031719532515e+00 2.210055179005069981e+00 2.295668232123680718e+04 3.068297706610027262e+02 2.264985255057580798e+04
1.575383606010016591e+00 2.274295235316960984e+00 2.337545080985325694e+04 2.810751373112305487e+02 2.309437567254202804e+04
1.577068180300500666e+00 2.326571118138619276e+00 2.376789468926836344e+04 2.572576794939975571e+02 2.351063700977436383e+04
1.578752754590984964e+00 2.372796492672588631e+00 2.413549664849644978e+04 2.352857931575337886e+02 2.390021085533891528e+04
1.580437328881469039e+00 2.418486027683091510e+00 2.447978516226398642e+04 2.150580870332888708e+02 2.426472707523069766e+04
1.582121903171953115e+00 2.465677689138731754e+00 2.480229472841881216e+04 1.964680439903983995e+02 2.460582668442841168e+04
1.583806477462437412e+00 2.512649732551263781e+00 2.510453563008270794e+04 1.794075398713644915e+02 2.492512809021134308e+04
1.585491051752921488e+00 2.559516231565004851e+00 2.538797180013305842e+04 1.637694333270474090e+02 2.522420236680601374e+04
1.587175626043405563e+00 2.594241343715287584e+00 2.565400536572480269e+04 1.494494152945579799e+02 2.550455595043024368e+04
1.588860200333889638e+00 2.623713307438684694e+00 2.590396655403863406e+04 1.363472788212726527e+02 2.576761927521735561e+04
1.590544774624373936e+00 2.653730912320567903e+00 2.613910779665028895e+04 1.243677424624323038e+02 2.601474005418785600e+04
1.592229348914858011e+00 2.683731353087437377e+00 2.636060104469065118e+04 1.134209353794018256e+02 2.624718010931125173e+04
1.593913923205342087e+00 2.706601233528699968e+00 2.656953747907754587e+04 1.034226303917780569e+02 2.646611484868576372e+04
1.595598497495826384e+00 2.724687485436646739e+00 2.676692895770694668e+04 9.429429279160709143e+01 2.667263466491533836e+04
1.597283071786310460e+00 2.744024539790152151e+00 2.695371067910563215e+04 8.596299754745658106e+01 2.686774768155816855e+04
1.598967646076794535e+00 2.763115587725041955e+00 2.713074465819561374e+04 7.836125526362815208e+01 2.705238340293198416e+04
1.600652220367278833e+00 2.782597544632639863e+00 2.729882370537220049e+04 7.142677750085599087e+01 2.722739692787134481e+04
1.602336794657762908e+00 2.803830356477993391e+00 2.745867567712107120e+04 6.510220439283114047e+01 2.739357347272823972e+04
1.604021368948246984e+00 2.828407205692595738e+00 2.761096782745754535e+04 5.933481152424282357e+01 2.755163301593330470e+04
1.605705943238731059e+00 2.839870827757415395e+00 2.775631113717595508e+04 5.407620843520485465e+01 2.770223492874074873e+04
1.607390517529215357e+00 2.847724937698407288e+00 2.789526453468526961e+04 4.928203760047669846e+01 2.784598249708479489e+04
1.609075091819699432e+00 2.855621922396513579e+00 2.802833895022760407e+04 4.491168006634380561e+01 2.798342727016125718e+04
1.610759666110183508e+00 2.865758538510235542e+00 2.815600116635378072e+04 4.092797192428442798e+01 2.811507319442949665e+04
1.612444240400667805e+00 2.878887335142486847e+00 2.827867744317662437e+04 3.729693430785092545e+01 2.824138050886877318e+04
1.614128814691151881e+00 2.890479971642976764e+00 2.839675690836381182e+04 3.398751849838087935e+01 2.836276938986542882e+04
1.615813388981635956e+00 2.895976881204345155e+00 2.851059471005026717e+04 3.097136692311310924e+01 2.847962334312715757e+04
1.617497963272120032e+00 2.901692190471986343e+00 2.862051493661788481e+04 2.822259025364143525e+01 2.859229234636424007e+04
1.619182537562604329e+00 2.909210716547689035e+00 2.872681331121406402e+04 2.571756040747339966e+01 2.870109575080658760e+04
1.620867111853088405e+00 2.913870661438025422e+00 2.882975967142940863e+04 2.343471897793892467e+01 2.880632495245146492e+04
1.622551686143572480e+00 2.919854644976532576e+00 2.892960024608867388e+04 2.135440043496184970e+01 2.890824584565370969e+04
1.624236260434056778e+00 2.927695555841402619e+00 2.902655974190436609e+04 1.945866932637341762e+01 2.900710107257798882e+04
1.625920834724540853e+00 2.935711773605307773e+00 2.912084325300685668e+04 1.773117064756035433e+01 2.910311208235930098e+04
1.627605409015024929e+00 2.941993447177196686e+00 2.921263800625683871e+04 1.615699252208627712e+01 2.919648101373474856e+04
1.629289983305509004e+00 2.943540938246192784e+00 2.930211495488241417e+04 1.472254033679004159e+01 2.928739241454562216e+04
1.630974557595993302e+00 2.942767010622362456e+00 2.938943023245189397e+04 1.341542149373974979e+01 2.937601481095815689e+04
1.632659131886477377e+00 2.949748803686337073e+00 2.947472647855785181e+04 1.222433997239941839e+01 2.946250213858545249e+04
1.634343706176961453e+00 2.960023708991528224e+00 2.955813404689585150e+04 1.113899993404448097e+01 2.954699504696180520e+04
1.636028280467445750e+00 2.967837847366845860e+00 2.963977210570516399e+04 1.015001764366683190e+01 2.962962208806149283e+04
1.637712854757929826e+00 2.971421991301427923e+00 2.971974963982298505e+04 9.248841030003907449e+00 2.971050079879297846e+04
1.639397429048413901e+00 2.975876932063823421e+00 2.979816636290330280e+04 8.427676250277114534e+00 2.978973868665302143e+04
1.641082003338897977e+00 2.980126131531907863e+00 2.987511354767956436e+04 7.679420671575619473e+00 2.986743412700798945e+04
1.642766577629382274e+00 2.983922423258734025e+00 2.995067478151030082e+04 6.997601724775956100e+00 2.994367717978552537e+04
1.644451151919866350e+00 2.987498360288523891e+00 3.002492665384642169e+04 6.376321128948224448e+00 3.001855033271747016e+04
1.646135726210350425e+00 2.995659026312941453e+00 3.009793938169631656e+04 5.810204024036730530e+00 3.009212917767227918e+04
1.647820300500834723e+00 3.004409966221358363e+00 3.016977737864345909e+04 5.294352587059111492e+00 3.016448302605640129e+04
1.649504874791318798e+00 3.011092662020689037e+00 3.024049977248784489e+04 4.824303742064791400e+00 3.023567546874577965e+04
1.651189449081802874e+00 3.013482895894854963e+00 3.031016087613784475e+04 4.395990606646744681e+00 3.030576488553119634e+04
1.652874023372286949e+00 3.019111214805342058e+00 3.037881061596984728e+04 4.005707347965345555e+00 3.037480490862188162e+04
1.654558597662771247e+00 3.026426272151919949e+00 3.044649492149773505e+04 3.650077149104669072e+00 3.044284484434862679e+04
1.656243171953255322e+00 3.030404452047432251e+00 3.051325607985096940e+04 3.326023012260764578e+00 3.050993005683870433e+04
1.657927746243739398e+00 3.029916412720095487e+00 3.057913305824597774e+04 3.030741148874595225e+00 3.057610231709710206e+04
1.659612320534223695e+00 3.038454259403112090e+00 3.064416179734890829e+04 2.761676728506557321e+00 3.064140012062040478e+04
1.661296894824707771e+00 3.044080684325250807e+00 3.070837547816654478e+04 2.516501778130069145e+00 3.070585897638841197e+04
1.662981469115191846e+00 3.051217704897773775e+00 3.077180476486348562e+04 2.293095041732435835e+00 3.076951166982175346e+04
1.664666043405676144e+00 3.060688362892439507e+00 3.083447802568714542e+04 2.089523626777182397e+00 3.083238850206036659e+04
1.666350617696160219e+00 3.068201131051752295e+00 3.089642153398409937e+04 1.904026279319795512e+00 3.089451750770478247e+04
1.668035191986644294e+00 3.077434394601448187e+00 3.095765965111161131e+04 1.734998143495633194e+00 3.095592465296811497e+04
1.669719766277128592e+00 3.081451724114857793e+00 3.101821499288469568e+04 1.580976873819780026e+00 3.101663401601087389e+04
1.671404340567612667e+00 3.080485057624188006e+00 3.107810858104994259e+04 1.440629980352075901e+00 3.107666795106958671e+04
1.673088914858096743e+00 3.085918053038396724e+00 3.113735998114212634e+04 1.312743297380861263e+00 3.113604723784474481e+04
1.674773489148580818e+00 3.096384288223425152e+00 3.119598742795674480e+04 1.196210475951571928e+00 3.119479121748079342e+04
1.676458063439065116e+00 3.105034035244655488e+00 3.125400793975935085e+04 1.090023409388712006e+00 3.125291791634996480e+04
1.678142637729549191e+00 3.109576893187549373e+00 3.131143742225095048e+04 9.932635090071554318e-01 3.131044415874193874e+04
1.679827212020033267e+00 3.109661706331136699e+00 3.136829076321643879e+04 9.050937545463098033e-01 3.136738566946188803e+04
1.681511786310517564e+00 3.117916958540169148e+00 3.142458191869874281e+04 8.247514505516152505e-01 3.142375716724819358e+04
1.683196360601001640e+00 3.128386243756084539e+00 3.148032399146484750e+04 7.515416260268594772e-01 3.147957244983881901e+04
1.684880934891485715e+00 3.137948319305093658e+00 3.153552930246063625e+04 6.848310202410009540e-01 3.153484447144039223e+04
1.686565509181969791e+00 3.139295284310349654e+00 3.159020945588801260e+04 6.240426026414738203e-01 3.158958541328537103e+04
1.688250083472454088e+00 3.144310138650242781e+00 3.164437539848075903e+04 5.686505794448606377e-01 3.164380674790131161e+04
1.689934657762938164e+00 3.153082031222859793e+00 3.169803747350264530e+04 5.181758436860330885e-01 3.169751929765896421e+04
1.691619232053422239e+00 3.166195486023674288e+00 3.175120546994476899e+04 4.721818293434283387e-01 3.175073328811542524e+04
1.693303806343906537e+00 3.169764543846367300e+00 3.180388866735506235e+04 4.302707336549032036e-01 3.180345839662140861e+04
1.694988380634390612e+00 3.175078561744235639e+00 3.185609587669440953e+04 3.920800749247876360e-01 3.185570379661948391e+04
1.696672954924874688e+00 3.181574653489219973e+00 3.190783547757736233e+04 3.572795560264256931e-01 3.190747819802133745e+04
1.698357529215358763e+00 3.187114028963084156e+00 3.195858327832516443e+04 3.255682064506195128e-01 3.195825771011871257e+04
1.700042103505843061e+00 3.197898598704356665e+00 3.200892614727904220e+04 2.966717781612832061e-01 3.200862947550088211e+04
1.701726677796327136e+00 3.206372373025683675e+00 3.205886713889798557e+04 2.703403727168162685e-01 3.205859679852526824e+04
1.703411252086811212e+00 3.211025637898419660e+00 3.210840926294767632e+04 2.463462791175733135e-01 3.210816291666855977e+04
1.705095826377295509e+00 3.217910033005265014e+00 3.215755554484341701e+04 2.244820036641712591e-01 3.215733106283975212e+04
1.706780400667779585e+00 3.225481750860867081e+00 3.220630906390822565e+04 2.045584747734759956e-01 3.220610450543345360e+04
1.708464974958263660e+00 3.232998245846048224e+00 3.225467296444522071e+04 1.864034072137576992e-01 3.225448656103800386e+04
1.710149549248747736e+00 3.239538866458657740e+00 3.230265045253777862e+04 1.698598116006712067e-01 3.230248059272618048e+04
1.711834123539232033e+00 3.246208565413854608e+00 3.235024478701679618e+04 1.547846362531408726e-01 3.235009000238053704e+04
1.713518697829716109e+00 3.255532975803363982e+00 3.239745926875669102e+04 1.410475296541491008e-01 3.239731822122704034e+04
1.715203272120200184e+00 3.267455166201650663e+00 3.244429723014820411e+04 1.285297128054201377e-01 3.244416870043539529e+04
1.716887846410684482e+00 3.276088904418581471e+00 3.249076202548221045e+04 1.171229517163983186e-01 3.249064490253049007e+04
1.718572420701168557e+00 3.283891459097747045e+00 3.253685702246801884e+04 1.067286211346871738e-01 3.253675029384688605e+04
1.720256994991652633e+00 3.291905869329362577e+00 3.258258559488443279e+04 9.725685141496501207e-02 3.258248833803301386e+04
1.721941569282136708e+00 3.301770285275045680e+00 3.262795111627220467e+04 8.862575114311009583e-02 3.262786249052106359e+04
1.723626143572621006e+00 3.306716342430467304e+00 3.267295695454720044e+04 8.076069878797308144e-02 3.267287619384841310e+04
1.725310717863105081e+00 3.311769229860628272e+00 3.271760646741230448e+04 7.359369725078457325e-02 3.271753287371505576e+04
1.726995292153589379e+00 3.318377131145798575e+00 3.276190299845592017e+04 6.706278572658706805e-02 3.276183593567019125e+04
1.728679866444073454e+00 3.330269985242360953e+00 3.280584987383819680e+04 6.111150378820547069e-02 3.280578876233439951e+04
1.730364440734557530e+00 3.338798595046238660e+00 3.284945039947974146e+04 5.568840305522865242e-02 3.284939471107668214e+04
1.732049015025041605e+00 3.345364261488707580e+00 3.289270785868068924e+04 5.074660222239607554e-02 3.289265711207846471e+04
1.733733589315525681e+00 3.357583925610405640e+00 3.293562551010843890e+04 4.624338159702803819e-02 3.293557926672683971e+04
1.735418163606009978e+00 3.365559575466231745e+00 3.297820658610227110e+04 4.213981363710914835e-02 3.297816444628863246e+04
1.737102737896494054e+00 3.372202079744600844e+00 3.302045429125100782e+04 3.840042629321052670e-02 3.302041589082471182e+04
1.738787312186978351e+00 3.380846351205944345e+00 3.306237180120621633e+04 3.499289624133196386e-02 3.306233680830997764e+04
1.740471886477462427e+00 3.387877554131612623e+00 3.310396226169965666e+04 3.188776935245393740e-02 3.310393037393030681e+04
1.742156460767946502e+00 3.395610758289441033e+00 3.314522878773757111e+04 2.905820598027579471e-02 3.314519972953158867e+04
1.743841035058430577e+00 3.405429755407958670e+00 3.318617446294899128e+04 2.647974886342073855e-02 3.318614798320012778e+04
1.745525609348914653e+00 3.417382917236245987e+00 3.322680233906806825e+04 2.413011163407030243e-02 3.322677820895643526e+04
1.747210183639398950e+00 3.428979393756368843e+00 3.326711543553345837e+04 2.198898610332212372e-02 3.326709344654735469e+04
1.748894757929883026e+00 3.439778090863647719e+00 3.330711673918984161e+04 2.003786665604702019e-02 3.330709670132318570e+04
1.750579332220367323e+00 3.446263975409731728e+00 3.334680920407889062e+04 1.825989023606840178e-02 3.334679094418865134e+04
1.752263906510851399e+00 3.454040994283348542e+00 3.338619575130846351e+04 1.663969053740263493e-02 3.338617911161792290e+04
1.753948480801335474e+00 3.463000955221410493e+00 3.342527926899037266e+04 1.516326514020767229e-02 3.342526410572523309e+04
1.755633055091819550e+00 3.466710114065734150e+00 3.346406261223822366e+04 1.381785444210678442e-02 3.346404879438377975e+04
1.757317629382303847e+00 3.478139487527786677e+00 3.350254860321775050e+04 1.259183133760388533e-02 3.350253601138641534e+04
1.759002203672787923e+00 3.494900384818552919e+00 3.354074003124333103e+04 1.147460069130824128e-02 3.354072855664264353e+04
1.760686777963271998e+00 3.503767291787476257e+00 3.357863965291473141e+04 1.045650773541830988e-02 3.357862919640699693e+04
1.762371352253756296e+00 3.511795066179249858e+00 3.361625019228907331e+04 9.528754599131638789e-03 3.361624066353447415e+04
1.764055926544240371e+00 3.519399090819552711e+00 3.365357434108351299e+04 8.683324247998187168e-03 3.365356565775926720e+04
1.765740500834724447e+00 3.528089916296236694e+00 3.369061475890465226e+04 7.912911175341886746e-03 3.369060684599347587e+04
1.767425075125208522e+00 3.536071911012294677e+00 3.372737407350121794e+04 7.210858246292995224e-03 3.372736686264296441e+04
1.769109649415692820e+00 3.544160893504022081e+00 3.376385488103672105e+04 6.571099148195986249e-03 3.376384830993757350e+04
1.770794223706176895e+00 3.556054041262010745e+00 3.380005974637957843e+04 5.988105949661638033e-03 3.380005375827362877e+04
1.772478797996660971e+00 3.567648921647910143e+00 3.383599120340792433e+04 5.456841314722169801e-03 3.383598574656660639e+04
1.774163372287145268e+00 3.578998698808408374e+00 3.387165175532707508e+04 4.972714958820949327e-03 3.387164678261212248e+04
1.775847946577629344e+00 3.589880202458480607e+00 3.390704387499781296e+04 4.531543970058572388e-03 3.390703934345384187e+04
1.777532520868113419e+00 3.601081526420189860e+00 3.394217000527334312e+04 4.129516652552760701e-03 3.394216587575668382e+04
1.779217095158597495e+00 3.612108565073532951e+00 3.397703255934381014e+04 3.763159579237234428e-03 3.397702879618423322e+04
1.780901669449081792e+00 3.619718616270059641e+00 3.401163392108675180e+04 3.429307569183295042e-03 3.401163049177918583e+04
1.782586243739565868e+00 3.630273187521043887e+00 3.404597644542220223e+04 3.125076329825313831e-03 3.404597332034587453e+04
1.784270818030049943e+00 3.642613968623483522e+00 3.408006245867152029e+04 2.847837527519776757e-03 3.408005961083399598e+04
1.785955392320534241e+00 3.649452846013661045e+00 3.411389425891877909e+04 2.595196070872142925e-03 3.411389166372270120e+04
1.787639966611018316e+00 3.659167578546297594e+00 3.414747411637400364e+04 2.364969410402570620e-03 3.414747175140459876e+04
1.789324540901502392e+00 3.671394302383340857e+00 3.418080427373730345e+04 2.155168675560826738e-03 3.418080211856863025e+04
1.791009115191986467e+00 3.685384764712267280e+00 3.421388694656333973e+04 1.963981485991993670e-03 3.421388498258185427e+04
1.792693689482470765e+00 3.697812132648868211e+00 3.424672432362540712e+04 1.789756288433020292e-03 3.424672253386912780e+04
1.794378263772954840e+00 3.708442656270167337e+00 3.427931856727874401e+04 1.630988083815103178e-03 3.427931693629065558e+04
1.796062838063438916e+00 3.709590171792539248e+00 3.431167181382222043e+04 1.486305421168644496e-03 3.431167032751679653e+04
1.797747412353923213e+00 3.715117978210754401e+00 3.434378617385853431e+04 1.354458545883533045e-03 3.434378481939998892e+04
1.799431986644407289e+00 3.728846422199930899e+00 3.437566373265196307e+04 1.234308599859207595e-03 3.437566249834336486e+04
1.801116560934891364e+00 3.740746109865436431e+00 3.440730655048369226e+04 1.124817780175371533e-03 3.440730542566591612e+04
1.802801135225375440e+00 3.753578003197005852e+00 3.443871666300429933e+04 1.025040371203159422e-03 3.443871563796392002e+04
1.804485709515859737e+00 3.769741821427518680e+00 3.446989608158313786e+04 9.341145726287726275e-04 3.446989514746856730e+04
1.806170283806343813e+00 3.782458379688663275e+00 3.450084679365451302e+04 8.512550527441980954e-04 3.450084594239946455e+04
1.807854858096828110e+00 3.793989799782821137e+00 3.453157076306012459e+04 7.757461626304244361e-04 3.453156998731396016e+04
1.809539432387312186e+00 3.806169852570673751e+00 3.456206993038806831e+04 7.069357525735244473e-04 3.456206922345230851e+04
1.811224006677796261e+00 3.817505225278262415e+00 3.459234621330790105e+04 6.442295372604476796e-04 3.459234556907836668e+04
1.812908580968280337e+00 3.828349918847846034e+00 3.462240150690176961e+04 5.870859610468194848e-04 3.462240091981580917e+04
1.814593155258764412e+00 3.842688257467859803e+00 3.465223768399149412e+04 5.350115189122244463e-04 3.465223714897997706e+04
1.816277729549248710e+00 3.854157545301555299e+00 3.468185659546151874e+04 4.875564926584402396e-04 3.468185610790502687e+04
1.817962303839732785e+00 3.862117448241555451e+00 3.471126007057770767e+04 4.443110654961054148e-04 3.471125962626664113e+04
1.819646878130217083e+00 3.874702288973783215e+00 3.474044991730174661e+04 4.049017814365080494e-04 3.474044951239996590e+04
1.821331452420701158e+00 3.886918828115266233e+00 3.476942792260141141e+04 3.689883188863520556e-04 3.476942755361309537e+04
1.823016026711185233e+00 3.896499786563724754e+00 3.479819585275641293e+04 3.362605505593504519e-04 3.479819551649586356e+04
1.824700601001669309e+00 3.911497763960936958e+00 3.482675545365981088e+04 3.064358642939764787e-04 3.482675514722395019e+04
1.826385175292153384e+00 3.928136283354176861e+00 3.485510845111525850e+04 2.792567216219324811e-04 3.485510817185854103e+04
1.828069749582637682e+00 3.937987105182826131e+00 3.488325655112971435e+04 2.544884329872557842e-04 3.488325629664128064e+04
1.829754323873121757e+00 3.948991428957706162e+00 3.491120144020183943e+04 2.319171303887610359e-04 3.491120120828470681e+04
1.831438898163606055e+00 3.961143689587869332e+00 3.493894478560607968e+04 2.113479199250176393e-04 3.493894457425815199e+04
1.833123472454090130e+00 3.974292580504056538e+00 3.496648823567236832e+04 1.926031982762639095e-04 3.496648804306917009e+04
1.834808046744574206e+00 3.987059577288457834e+00 3.499383342006153543e+04 1.755211185745273557e-04 3.499383324454041576e+04
1.836492621035058281e+00 3.998614064295614501e+00 3.502098195003644651e+04 1.599541924046392252e-04 3.502098179008225270e+04
1.838177195325542579e+00 4.011727389807055566e+00 3.504793541872883361e+04 1.457680158553424882e-04 3.504793527296081447e+04
1.839861769616026654e+00 4.025494498145619104e+00 3.507469540140203753e+04 1.328401086119827791e-04 3.507469526856193261e+04
1.841546343906510730e+00 4.037759975775854215e+00 3.510126345570939884e+04 1.210588560592130243e-04 3.510126333465054631e+04
1.843230918196995027e+00 4.050813751082375624e+00 3.512764112194866902e+04 1.103225452525432757e-04 3.512764101162612496e+04
1.844915492487479103e+00 4.064896047618171693e+00 3.515382992331224523e+04 1.005384864287679167e-04 3.515382982277375413e+04
1.846600066777963178e+00 4.076732328600703781e+00 3.517983136613337410e+04 9.162221246460603298e-05 3.517983127451116161e+04
1.848284641068447254e+00 4.089176280454814183e+00 3.520564694012838299e+04 8.349674936657538549e-05 3.520564685663163255e+04
1.849969215358931551e+00 4.107014850411169427e+00 3.523127811863495299e+04 7.609195148893225407e-05 3.523127804254300281e+04
1.851653789649415627e+00 4.120497521340016789e+00 3.525672635884647025e+04 6.934389573593978363e-05 3.525672628950257786e+04
1.853338363939899702e+00 4.130217127421952128e+00 3.528199310204260109e+04 6.319432951441788626e-05 3.528199303884826804e+04
1.855022938230384000e+00 4.143383305624277924e+00 3.530707977381597448e+04 5.759016766706011580e-05 3.530707971622580953e+04
1.856707512520868075e+00 4.156835975145296125e+00 3.533198778429525555e+04 5.248303404024140214e-05 3.533198773181222350e+04
1.858392086811352151e+00 4.169971488622493894e+00 3.535671852836441394e+04 4.782884372574095595e-05 3.535671848053557187e+04
1.860076661101836226e+00 4.181304242271484561e+00 3.538127338587845588e+04 4.358742236729885861e-05 3.538127334229103144e+04
1.861761235392320524e+00 4.191422968020445339e+00 3.540565372187553294e+04 3.972215924316855473e-05 3.540565368215338094e+04
1.863445809682804599e+00 4.206643506332636839e+00 3.542986088678558008e+04 3.619969112770418310e-05 3.542986085058588651e+04
1.865130383973288675e+00 4.220980791243637675e+00 3.545389621663543221e+04 3.298961420095011506e-05 3.545389618364582566e+04
1.866814958263772972e+00 4.232217976651453384e+00 3.547776103325060831e+04 3.006422151756816947e-05 3.547776100318638782e+04
1.868499532554257048e+00 4.248218102614226943e+00 3.550145664445365401e+04 2.739826376726233910e-05 3.550145661705539533e+04
1.870184106844741123e+00 4.267248657131943901e+00 3.552498434425931191e+04 2.496873126010226124e-05 3.552498431929057551e+04
1.871868681135225199e+00 4.281269917573222727e+00 3.554834541306630126e+04 2.275465525353935776e-05 3.554834539031165332e+04
1.873553255425709496e+00 4.294818632022707305e+00 3.557154111784608540e+04 2.073692690500444027e-05 3.557154109710916237e+04
1.875237829716193572e+00 4.307984978180869895e+00 3.559457271232832136e+04 1.889813228626004163e-05 3.559457269343019288e+04
1.876922404006677647e+00 4.320469792050435132e+00 3.561744143718337000e+04 1.722240203444063249e-05 3.561744141996097460e+04
1.878606978297161945e+00 4.332455464575396320e+00 3.564014852020173566e+04 1.569527434116867675e-05 3.564014850450646918e+04
1.880291552587646020e+00 4.347320688436447256e+00 3.566269517647050816e+04 1.430357009635889431e-05 3.566269516216694319e+04
1.881976126878130096e+00 4.363557368472476661e+00 3.568508260854690889e+04 1.303527910832470031e-05 3.568508259551163064e+04
1.883660701168614171e+00 4.383887900093206724e+00 3.570731200662899937e+04 1.187945641749231092e-05 3.570731199474954337e+04
1.885345275459098469e+00 4.398753615288505614e+00 3.572938454872345028e+04 1.082612780821541960e-05 3.572938453789732739e+04
1.887029849749582544e+00 4.408193153738419134e+00 3.575130140081070567e+04 9.866203702644040402e-06 3.575130139094449987e+04
1.888714424040066842e+00 4.421696309879724396e+00 3.577306371700728778e+04 8.991400693003822532e-06 3.577306370801588491e+04
1.890398998330550917e+00 4.436147288257956234e+00 3.579467263972548972e+04 8.194170034628499053e-06 3.579467263153132808e+04
1.892083572621034993e+00 4.449827735306600474e+00 3.581612929983053618e+04 7.467632482206428881e-06 3.581612929236290074e+04
1.893768146911519068e+00 4.465215129290303508e+00 3.583743481679486285e+04 6.805518906500941291e-06 3.583743480998933956e+04
1.895452721202003143e+00 4.483401559005502968e+00 3.585859029885026393e+04 6.202116178727111199e-06 3.585859029264815035e+04
1.897137295492487441e+00 4.499930524160289380e+00 3.587959684313728940e+04 5.652217855269907829e-06 3.587959683748507086e+04
1.898821869782971516e+00 4.515617953204101198e+00 3.590045553585226298e+04 5.151079236888783380e-06 3.590045553070118331e+04
1.900506444073455814e+00 4.528590652917021231e+00 3.592116745239194279e+04 4.694376414335700856e-06 3.592116744769756770e+04
1.902191018363939889e+00 4.542643607026814578e+00 3.594173365749577351e+04 4.278168946746290000e-06 3.594173365321760502e+04
1.903875592654423965e+00 4.561507980496123160e+00 3.596215520538589044e+04 3.898865850535226201e-06 3.596215520148702490e+04
1.905560166944908040e+00 4.576645509776041898e+00 3.598243313990480237e+04 3.553194605121822758e-06 3.598243313635161030e+04
1.907244741235392338e+00 4.587663838184333542e+00 3.600256849465087726e+04 3.238172907863833265e-06 3.600256849141270504e+04
1.908929315525876413e+00 4.604505813441567952e+00 3.602256229311163770e+04 2.951082934321499119e-06 3.602256229016055295e+04
1.910613889816360489e+00 4.623440096708611335e+00 3.604241554879491014e+04 2.689447881608889609e-06 3.604241554610546882e+04
1.912298464106844786e+00 4.640398251635777349e+00 3.606212926535787119e+04 2.451010592307448613e-06 3.606212926290686300e+04
1.913983038397328862e+00 4.657202854624080679e+00 3.608170443673399132e+04 2.233714074382666526e-06 3.608170443450027960e+04
1.915667612687812937e+00 4.673579881805983050e+00 3.610114204725803575e+04 2.035683748917817127e-06 3.610114204522234650e+04
1.917352186978297013e+00 4.691170807487072381e+00 3.612044307178894815e+04 1.855211272400005230e-06 3.612044306993373175e+04
1.919036761268781310e+00 4.710065607371114460e+00 3.613960847583089344e+04 1.690739793889350714e-06 3.613960847414015734e+04
1.920721335559265386e+00 4.725705793774355179e+00 3.615863921565231431e+04 1.540850519792962295e-06 3.615863921411146293e+04
1.922405909849749461e+00 4.740111542182226856e+00 3.617753623840316141e+04 1.404250470256098031e-06 3.617753623699890886e+04
1.924090484140233759e+00 4.755704695881637356e+00 3.619630048223010817e+04 1.279761321472537017e-06 3.619630048095034726e+04
1.925775058430717834e+00 4.771879858600605040e+00 3.621493287639023038e+04 1.166309237592369637e-06 3.621493287522392347e+04
1.927459632721201910e+00 4.790439917264899705e+00 3.623343434136264113e+04 1.062915604449817991e-06 3.623343434029972559e+04
1.929144207011685985e+00 4.809066415953275886e+00 3.625180578895847430e+04 9.686885851207995272e-07 3.625180578798978968e+04
1.930828781302170283e+00 4.827790055455704277e+00 3.627004812242922344e+04 8.828154244151144201e-07 3.627004812154640240e+04
1.932513355592654358e+00 4.845221824707889979e+00 3.628816223657321825e+04 8.045554358747055236e-07 3.628816223576865741e+04
1.934197929883138434e+00 4.861879446404580030e+00 3.630614901784060930e+04 7.332336107417944781e-07 3.630614901710737468e+04
1.935882504173622731e+00 4.877050450365255863e+00 3.632400934443663573e+04 6.682347937308815606e-07 3.632400934376840451e+04
1.937567078464106807e+00 4.891994937856763315e+00 3.634174408642332128e+04 6.089983753316764452e-07 3.634174408581432363e+04
1.939251652754590882e+00 4.908686941396974923e+00 3.635935410581960605e+04 5.550134548295656198e-07 3.635935410526459600e+04
1.940936227045074958e+00 4.925285277616974433e+00 3.637684025669986295e+04 5.058144322940458309e-07 3.637684025619404565e+04
1.942620801335559255e+00 4.941588854139832954e+00 3.639420338529106084e+04 4.609769914886579986e-07 3.639420338483008527e+04
1.944305375626043331e+00 4.960044575525136779e+00 3.641144433006828331e+04 4.201144390308137650e-07 3.641144432964816951e+04
1.945989949916527406e+00 4.981278214693913853e+00 3.642856392184885772e+04 3.828743682051740406e-07 3.642856392146598228e+04
1.947674524207011704e+00 5.000551704261070540e+00 3.644556298388504365e+04 3.489356186369807267e-07 3.644556298353611055e+04
1.949359098497495779e+00 5.018654056729701551e+00 3.646244233195535344e+04 3.180055055855138805e-07 3.646244233163735043e+04
1.951043672787979855e+00 5.035084211471175131e+00 3.647920277445440297e+04 2.898172949453113890e-07 3.647920277416458703e+04
1.952728247078463930e+00 5.051105602185392840e+00 3.649584511248140916e+04 2.641279021638402955e-07 3.649584511221728462e+04
1.954412821368948228e+00 5.068933829602041641e+00 3.651237013992753782e+04 2.407157952169468898e-07 3.651237013968682004e+04
1.956097395659432303e+00 5.086553346183340985e+00 3.652877864356167265e+04 2.193790835449340725e-07 3.652877864334229525e+04
1.957781969949916601e+00 5.102823160396750879e+00 3.654507140311504918e+04 1.999337764570971513e-07 3.654507140291511314e+04
1.959466544240400676e+00 5.120480371890532290e+00 3.656124919136468088e+04 1.822121959754586368e-07 3.656124919118247635e+04
1.961151118530884752e+00 5.141106162020221859e+00 3.657731277421538834e+04 1.660615304212577650e-07 3.657731277404932189e+04
1.962835692821368827e+00 5.159512787449155979e+00 3.659326291078066424e+04 1.513425162626736241e-07 3.659326291062931705e+04
1.964520267111852903e+00 5.175498660600450052e+00 3.660910035346243239e+04 1.379282368491667541e-07 3.660910035332450934e+04
1.966204841402337200e+00 5.197191385143249853e+00 3.662482584802956262e+04 1.257030276666771759e-07 3.662482584790386318e+04
1.967889415692821276e+00 5.222121475657996115e+00 3.664044013369514869e+04 1.145614786672771267e-07 3.664044013358058874e+04
1.969573989983305573e+00 5.239915913930913050e+00 3.665594394319281128e+04 1.044075250646157777e-07 3.665594394308840128e+04
1.971258564273789649e+00 5.255766980839744917e+00 3.667133800285172765e+04 9.515361875005427594e-08 3.667133800275657268e+04
1.972943138564273724e+00 5.276473859349116502e+00 3.668662303267071547e+04 8.671997318007853586e-08 3.668662303258399334e+04
1.974627712854757799e+00 5.297366488699762677e+00 3.670179974639110878e+04 7.903387521969492365e-08 3.670179974631207733e+04
1.976312287145241875e+00 5.315455901998645594e+00 3.671686885156864446e+04 7.202905800429688029e-08 3.671686885149661248e+04
1.977996861435726172e+00 5.334086484706033637e+00 3.673183104964429367e+04 6.564512940906784644e-08 3.673183104957864998e+04
1.979681435726210248e+00 5.354964969986848899e+00 3.674668703601410380e+04 5.982705119486608045e-08 3.674668703595426632e+04
1.981366010016694545e+00 5.376028646350126117e+00 3.676143750009791984e+04 5.452466433681260517e-08 3.676143750004339381e+04
1.983050584307178621e+00 5.397489150859355433e+00 3.677608312540728366e+04 4.969225644036582648e-08 3.677608312535758887e+04
1.984735158597662696e+00 5.416907970777280923e+00 3.679062458961224911e+04 4.528816751279539922e-08 3.679062458956696355e+04
1.986419732888146772e+00 5.433690070677323014e+00 3.680506256460725126e+04 4.127443068897498559e-08 3.680506256456597475e+04
1.988104307178630847e+00 5.452363701414796537e+00 3.681939771657610254e+04 3.761644481199650147e-08 3.681939771653848584e+04
1.989788881469115145e+00 5.472593166316499058e+00 3.683363070605599205e+04 3.428267604398357474e-08 3.683363070602170774e+04
1.991473455759599220e+00 5.494919342848297639e+00 3.684776218800061906e+04 3.124438593297079120e-08 3.684776218796937610e+04
1.993158030050083518e+00 5.518349721312593381e+00 3.686179281184243882e+04 2.847538358997203160e-08 3.686179281181396072e+04
1.994842604340567593e+00 5.536644613258264513e+00 3.687572322155399888e+04 2.595179983840875408e-08 3.687572322152805282e+04
1.996527178631051669e+00 5.553277035529402106e+00 3.688955405570850417e+04 2.365188138762275178e-08 3.688955405568485730e+04
1.998211752921535744e+00 5.575187065952019516e+00 3.690328594753937796e+04 2.155580325498495655e-08 3.690328594751781930e+04
1.999896327212019820e+00 5.598029025409012149e+00 3.691691952499911713e+04 1.964549781853794942e-08 3.691691952497946477e+04
2.001580901502504339e+00 5.620774616513113386e+00 3.693045541081733245e+04 1.790449902560151422e-08 3.693045541079942632e+04
2.003265475792988415e+00 5.643444177759190161e+00 3.694389422255790123e+04 1.631780041352365542e-08 3.694389422254158126e+04
2.004950050083472490e+00 5.662873248614027410e+00 3.695723657267542876e+04 1.487172571791502742e-08 3.695723657266055670e+04
2.006634624373956566e+00 5.682254909715959812e+00 3.697048306857076386e+04 1.355381095231186419e-08 3.697048306855720875e+04
2.008319198664440641e+00 5.701198844324306236e+00 3.698363431264600513e+04 1.235269694216022040e-08 3.698363431263365055e+04
2.010003772954924717e+00 5.720789139210039842e+00 3.699669090235852491e+04 1.125803138621294468e-08 3.699669090234726173e+04
2.011688347245408792e+00 5.743570091711672987e+00 3.700965343027435301e+04 1.026037960061494505e-08 3.700965343026409391e+04
2.013372921535893312e+00 5.766622105351762784e+00 3.702252248412083281e+04 9.351143175856402639e-09 3.702252248411147593e+04
2.015057495826377387e+00 5.790595528326280217e+00 3.703529864683856431e+04 8.522485845032099160e-09 3.703529864683003689e+04
2.016742070116861463e+00 5.812769133780244069e+00 3.704798249663259776e+04 7.767265924048322237e-09 3.704798249662482704e+04
2.018426644407345538e+00 5.830453168102283534e+00 3.706057460702296521e+04 7.078974741116132616e-09 3.706057460701588570e+04
2.020111218697829614e+00 5.850881387841986303e+00 3.707307554689456447e+04 6.451680524524517516e-09 3.707307554688811797e+04
2.021795792988313689e+00 5.876658266849402956e+00 3.708548588054632273e+04 5.879977264774775587e-09 3.708548588054043648e+04
2.023480367278797765e+00 5.900108881508573155e+00 3.709780616773968359e+04 5.358938110061592036e-09 3.709780616773432848e+04
2.025164941569282284e+00 5.919766201875705569e+00 3.711003696374654101e+04 4.884072893189870162e-09 3.711003696374165884e+04
2.026849515859766360e+00 5.941306628994090566e+00 3.712217881939643848e+04 4.451289423651243613e-09 3.712217881939198560e+04
2.028534090150250435e+00 5.965434932181037375e+00 3.713423228112315701e+04 4.056858211057721306e-09 3.713423228111910430e+04
2.030218664440734511e+00 5.986949091437968384e+00 3.714619789101075730e+04 3.697380315729154915e-09 3.714619789100706112e+04
2.031903238731218586e+00 6.005272826202194381e+00 3.715807618683889450e+04 3.369758049198897448e-09 3.715807618683552573e+04
2.033587813021702662e+00 6.028013729427794232e+00 3.716986770212765259e+04 3.071168271983828711e-09 3.716986770212458941e+04
2.035272387312186737e+00 6.055664271632297257e+00 3.718157296618172404e+04 2.799038058365211032e-09 3.718157296617892280e+04
2.036956961602671257e+00 6.078248602237920295e+00 3.719319250413399277e+04 2.551022518340363227e-09 3.719319250413143163e+04
2.038641535893155332e+00 6.095702249169810294e+00 3.720472683698862238e+04 2.324984585510346060e-09 3.720472683698629407e+04
2.040326110183639408e+00 6.117570191393556733e+00 3.721617648166355502e+04 2.118976596621744550e-09 3.721617648166143772e+04
2.042010684474123483e+00 6.143709879563334475e+00 3.722754195103234088e+04 1.931223503934238244e-09 3.722754195103041275e+04
2.043695258764607559e+00 6.166332466247316013e+00 3.723882375396564748e+04 1.760107575664891589e-09 3.723882375396388670e+04
2.045379833055091634e+00 6.185624701398016789e+00 3.725002239537200512e+04 1.604154452593960707e-09 3.725002239537040441e+04
2.047064407345575709e+00 6.209666807275408651e+00 3.726113837623823929e+04 1.462020440611906836e-09 3.726113837623678410e+04
2.048748981636060229e+00 6.238215685315905645e+00 3.727217219366916834e+04 1.332480929645117742e-09 3.727217219366782956e+04
2.050433555926544305e+00 6.264526045370798712e+00 3.728312434092699550e+04 1.214419839111473544e-09 3.728312434092578042e+04
2.052118130217028380e+00 6.288604621290634356e+00 3.729399530747003155e+04 1.106819998907967642e-09 3.729399530746892560e+04
2.053802704507512455e+00 6.311873467558187123e+00 3.730478557899102452e+04 1.008754383000961969e-09 3.730478557899002044e+04
2.055487278797996531e+00 6.334294036572719833e+00 3.731549563745498017e+04 9.193781200404483915e-10 3.731549563745406340e+04
2.057171853088480606e+00 6.360990832973326015e+00 3.732612596113648033e+04 8.379212121203406542e-10 3.732612596113564359e+04
2.058856427378964682e+00 6.392508572687368940e+00 3.733667702465652837e+04 7.636818989128425999e-10 3.733667702465577167e+04
2.060541001669449201e+00 6.415965557293707100e+00 3.734714929901897267e+04 6.960206099695001649e-10 3.734714929901828145e+04
2.062225575959933277e+00 6.429158181996287524e+00 3.735754325164643524e+04 6.343544530532040412e-10 3.735754325164580223e+04
2.063910150250417352e+00 6.448724628097024514e+00 3.736785934641581844e+04 5.781521909866489881e-10 3.736785934641523636e+04
2.065594724540901428e+00 6.477703728880267242e+00 3.737809804369323683e+04 5.269296637155512729e-10 3.737809804369271296e+04
2.067279298831385503e+00 6.470305281682876775e+00 3.738825980036883266e+04 4.802456161227543510e-10 3.738825980036834517e+04
2.068963873121869579e+00 6.398708640445318174e+00 3.739834506989069632e+04 4.376978956281551454e-10 3.739834506989026704e+04
2.070648447412353654e+00 6.356152050922716512e+00 3.740835430229888152e+04 3.989199867973335407e-10 3.740835430229847407e+04
2.072333021702838174e+00 6.377128716640111605e+00 3.741828794425848901e+04 3.635778530873184984e-10 3.741828794425812521e+04
2.074017595993322249e+00 6.400279510196737576e+00 3.742814643909275037e+04 3.313670585059690712e-10 3.742814643909242295e+04
2.075702170283806325e+00 6.429625722066503180e+00 3.743793022681551520e+04 3.020101443743749708e-10 3.743793022681520961e+04
2.077386744574290400e+00 6.457766083262543866e+00 3.744763974416330893e+04 2.752542385813645936e-10 3.744763974416303245e+04
2.079071318864774476e+00 6.481079992912148313e+00 3.745727542462710699e+04 2.508688767230933541e-10 3.745727542462685233e+04
2.080755893155258551e+00 6.504574306408336781e+00 3.746683769848365773e+04 2.286440163475802496e-10 3.746683769848342490e+04
2.082440467445742627e+00 6.529295873848177223e+00 3.747632699282644171e+04 2.083882271886294215e-10 3.747632699282623071e+04
2.084125041736227146e+00 6.553933937504290874e+00 3.748574373159623065e+04 1.899270417907513472e-10 3.748574373159603419e+04
2.085809616026711222e+00 6.577175435946877258e+00 3.749508833561131178e+04 1.731014523093186713e-10 3.749508833561112988e+04
2.087494190317195297e+00 6.600416934389463641e+00 3.750436122259733384e+04 1.577665405302019198e-10 3.750436122259717376e+04
2.089178764607679373e+00 6.624841185768967300e+00 3.751356280721675284e+04 1.437902293016420845e-10 3.751356280721661460e+04
2.090863338898163448e+00 6.649298499576487664e+00 3.752269350109802326e+04 1.310521446175216302e-10 3.752269350109789957e+04
2.092547913188647524e+00 6.674664341209540552e+00 3.753175371286433801e+04 1.194425785451142001e-10 3.753175371286421432e+04
2.094232487479131599e+00 6.700150265173056674e+00 3.754074384816201200e+04 1.088615440595838218e-10 3.754074384816190286e+04
2.095917061769616119e+00 6.726297358601199150e+00 3.754966430968868372e+04 9.921791363973148019e-11 3.754966430968858185e+04
2.097601636060100194e+00 6.752622572119467925e+00 3.755851549722100754e+04 9.042863420145575848e-11 3.755851549722092022e+04
2.099286210350584270e+00 6.777715098720779707e+00 3.756729780764209863e+04 8.241801160333912198e-11 3.756729780764201860e+04
2.100970784641068345e+00 6.802228644173527350e+00 3.757601163496862137e+04 7.511705855850446823e-11 3.757601163496854861e+04
2.102655358931552421e+00 6.828615133733727305e+00 3.758465737037764484e+04 6.846290033329703030e-11 3.758465737037757208e+04
2.104339933222036940e+00 6.856397011190056290e+00 3.759323540223296732e+04 6.239823311146975438e-11 3.759323540223290911e+04
2.106024507512520572e+00 6.883369656530947900e+00 3.760174611611149157e+04 5.687083035644028216e-11 3.760174611611144064e+04
2.107709081803005091e+00 6.909368410088102763e+00 3.761018989482886536e+04 5.183309291784080157e-11 3.761018989482880716e+04
2.109393656093489167e+00 6.934775841784718509e+00 3.761856711846517283e+04 4.724163900567316579e-11 3.761856711846512189e+04
2.111078230383973242e+00 6.958975417810241204e+00 3.762687816439010203e+04 4.305693049885146605e-11 3.762687816439006565e+04
2.112762804674457318e+00 6.983625240002337975e+00 3.763512340728801792e+04 3.924293236817660857e-11 3.763512340728797426e+04
2.114447378964941393e+00 7.010174450889481435e+00 3.764330321918246045e+04 3.576680227908868867e-11 3.764330321918241680e+04
2.116131953255425913e+00 7.036780510840419112e+00 3.765141796946069371e+04 3.259860769966447815e-11 3.765141796946066461e+04
2.117816527545909544e+00 7.064371190796284949e+00 3.765946802489774564e+04 2.971106807636416001e-11 3.765946802489770926e+04
2.119501101836394064e+00 7.091961870752164998e+00 3.766745374968015676e+04 2.707931985603278824e-11 3.766745374968012766e+04
2.121185676126878139e+00 7.118159506571710260e+00 3.767537550542971439e+04 2.468070232959137885e-11 3.767537550542968529e+04
2.122870250417362215e+00 7.144212057762096890e+00 3.768323365122653922e+04 2.249456245221399417e-11 3.768323365122651012e+04
2.124554824707846290e+00 7.170495675879696940e+00 3.769102854363224469e+04 2.050207695837907351e-11 3.769102854363222286e+04
2.126239398998330365e+00 7.196855976754723550e+00 3.769876053671260161e+04 1.868609023917297373e-11 3.769876053671258705e+04
2.127923973288814885e+00 7.222772186298113795e+00 3.770642998206010088e+04 1.703096658506547430e-11 3.770642998206007906e+04
2.129608547579298516e+00 7.248379846384561453e+00 3.771403722881614522e+04 1.552245552116303541e-11 3.771403722881612339e+04
2.131293121869783036e+00 7.275267627206597254e+00 3.772158262369302975e+04 1.414756907474848614e-11 3.772158262369301519e+04
2.132977696160267111e+00 7.303899256366557680e+00 3.772906651099577721e+04 1.289446991775677160e-11 3.772906651099576266e+04
2.134662270450751187e+00 7.332465048894407644e+00 3.773648923264350015e+04 1.175236942050664506e-11 3.773648923264348559e+04
2.136346844741235262e+00 7.360827663630409745e+00 3.774385112819073402e+04 1.071143473844148102e-11 3.774385112819072674e+04
2.138031419031719338e+00 7.389010281279977832e+00 3.775115253484850109e+04 9.762704131438399022e-12 3.775115253484849381e+04
2.139715993322203857e+00 7.414383137003034641e+00 3.775839378750493051e+04 8.898009786190509928e-12 3.775839378750492324e+04
2.141400567612687489e+00 7.439755992726078127e+00 3.776557521874600934e+04 8.109907476810846066e-12 3.776557521874600207e+04
2.143085141903172008e+00 7.468383329615186028e+00 3.777269715887573693e+04 7.391612457718478887e-12 3.777269715887572966e+04
2.144769716193656084e+00 7.497498085893619546e+00 3.777975993593631574e+04 6.736941036576584882e-12 3.777975993593630847e+04
2.146454290484140159e+00 7.527068424763432297e+00 3.778676387572801468e+04 6.140257323970022006e-12 3.778676387572800741e+04
2.148138864774624235e+00 7.556865800641920927e+00 3.779370930182876327e+04 5.596424701129067997e-12 3.779370930182875600e+04
2.149823439065108310e+00 7.584512169757360311e+00 3.780059653561370214e+04 5.100761587640784156e-12 3.780059653561368759e+04
2.151508013355592830e+00 7.609624586141106484e+00 3.780742589627426787e+04 4.649001128141074513e-12 3.780742589627425332e+04
2.153192587646076905e+00 7.635864174678916427e+00 3.781419770083732146e+04 4.237254450740921677e-12 3.781419770083731419e+04
2.154877161936560981e+00 7.665578777409605138e+00 3.782091226418389851e+04 3.861977180709967238e-12 3.782091226418389851e+04
2.156561736227045056e+00 7.695296669157992930e+00 3.782756989906785748e+04 3.519938920987107570e-12 3.782756989906785748e+04
2.158246310517529132e+00 7.725144024536600540e+00 3.783417091613420780e+04 3.208195436642632337e-12 3.783417091613420780e+04
2.159930884808013207e+00 7.754991379915208149e+00 3.784071562393733620e+04 2.924063303712100882e-12 3.784071562393733620e+04
2.161615459098497283e+00 7.784530431133983797e+00 3.784720432895905833e+04 2.665096804050906412e-12 3.784720432895905833e+04
2.163300033388981802e+00 7.813988885600631207e+00 3.785363733562634297e+04 2.429066867205957000e-12 3.785363733562634297e+04
2.164984607679465878e+00 7.842419469468957516e+00 3.786001494632902904e+04 2.213941877935363522e-12 3.786001494632902904e+04
2.166669181969949953e+00 7.870025248827199782e+00 3.786633746143711323e+04 2.017870184076335261e-12 3.786633746143711323e+04
2.168353756260434029e+00 7.898047013622996104e+00 3.787260517931814684e+04 1.839164154110219653e-12 3.787260517931814684e+04
2.170038330550918104e+00 7.926990740469896934e+00 3.787881839635413780e+04 1.676285647120732954e-12 3.787881839635413780e+04
2.171722904841402180e+00 7.955714955798810273e+00 3.788497740695857647e+04 1.527832770008146706e-12 3.788497740695857647e+04
2.173407479131886255e+00 7.980678443789623877e+00 3.789108250359294470e+04 1.392527807910094005e-12 3.789108250359294470e+04
2.175092053422370775e+00 8.005641931780445475e+00 3.789713397678345791e+04 1.269206223884787104e-12 3.789713397678345791e+04
2.176776627712854850e+00 8.034877992697383675e+00 3.790313211513718852e+04 1.156806633122811496e-12 3.790313211513718852e+04
2.178461202003338926e+00 8.065226275898073283e+00 3.790907720535836415e+04 1.054361665346403727e-12 3.790907720535836415e+04
2.180145776293823001e+00 8.096191759706485414e+00 3.791496953226431651e+04 9.609896367068857794e-13 3.791496953226431651e+04
2.181830350584307077e+00 8.127713838461529505e+00 3.792080937880132115e+04 8.758869594613505862e-13 3.792080937880132115e+04
2.183514924874791152e+00 8.157725786503178256e+00 3.792659702606027713e+04 7.983212240651672384e-13 3.792659702606027713e+04
2.185199499165275228e+00 8.183116809904317890e+00 3.793233275329213211e+04 7.276248941078581858e-13 3.793233275329213211e+04
2.186884073455759747e+00 8.208507833305464629e+00 3.793801683792334370e+04 6.631895597979673482e-13 3.793801683792334370e+04
2.188568647746243823e+00 8.235873161767351291e+00 3.794364955557091162e+04 6.044607005133000340e-13 3.794364955557091162e+04
2.190253222036727898e+00 8.263318902480905948e+00 3.794923118005751894e+04 5.509329113167484474e-13 3.794923118005751894e+04
2.191937796327211974e+00 8.294588608778255434e+00 3.795476198342633143e+04 5.021455523342317868e-13 3.795476198342633143e+04
2.193622370617696049e+00 8.327746155741508005e+00 3.796024223595566582e+04 4.576787835324825478e-13 3.796024223595566582e+04
2.195306944908180125e+00 8.358751864457424574e+00 3.796567220617365820e+04 4.171499507538185841e-13 3.796567220617365820e+04
2.196991519198664200e+00 8.386033795396167889e+00 3.797105216087257577e+04 3.802102918898198610e-13 3.797105216087257577e+04
2.198676093489148720e+00 8.413667890762274837e+00 3.797638236512307776e+04 3.465419348328841130e-13 3.797638236512307776e+04
2.200360667779632795e+00 8.447123467237304340e+00 3.798166308228840353e+04 3.158551613573025545e-13 3.798166308228840353e+04
2.202045242070116871e+00 8.480579043712332066e+00 3.798689457403824781e+04 2.878859133713929330e-13 3.798689457403824781e+04
2.203729816360600946e+00 8.511090564405529690e+00 3.799207710036262142e+04 2.623935200696804529e-13 3.799207710036262142e+04
2.205414390651085021e+00 8.540545967276282013e+00 3.799721091958557372e+04 2.391586264159982836e-13 3.799721091958557372e+04
2.207098964941569097e+00 8.570432032193949112e+00 3.800229628837863129e+04 2.179813051222971260e-13 3.800229628837863129e+04
2.208783539232053172e+00 8.600940438154331957e+00 3.800733346177431667e+04 1.986793358679345729e-13 3.800733346177431667e+04
2.210468113522537692e+00 8.631922943608042686e+00 3.801232269317934697e+04 1.810866369443387643e-13 3.801232269317934697e+04
2.212152687813021767e+00 8.668665319267768510e+00 3.801726423438781057e+04 1.650518358224256544e-13 3.801726423438781057e+04
2.213837262103505843e+00 8.705407694927494333e+00 3.802215833559412567e+04 1.504369663363193401e-13 3.802215833559412567e+04
2.215521836393989918e+00 8.735492148624938835e+00 3.802700524540594051e+04 1.371162812672736298e-13 3.802700524540594051e+04
2.217206410684473994e+00 8.763129610498685551e+00 3.803180521085686632e+04 1.249751701051949549e-13 3.803180521085686632e+04
2.218890984974958069e+00 8.791707180655983223e+00 3.803655847741913021e+04 1.139091726708738841e-13 3.803655847741913021e+04
2.220575559265442145e+00 8.821815343570492018e+00 3.804126528901598795e+04 1.038230801073545096e-13 3.804126528901598795e+04
2.222260133555926664e+00 8.851962564459332938e+00 3.804592588803414401e+04 9.463011550114917894e-14 3.804592588803414401e+04
2.223944707846410740e+00 8.883710154976569129e+00 3.805054051533600432e+04 8.625118707961367840e-14 3.805054051533600432e+04
2.225629282136894815e+00 8.915457745493805319e+00 3.805510941027171066e+04 7.861420755561981390e-14 3.805510941027171066e+04
2.227313856427378891e+00 8.942420324792507813e+00 3.805963281069126970e+04 7.165347376024692811e-14 3.805963281069126970e+04
2.228998430717862966e+00 8.966865600734687192e+00 3.806411095295629639e+04 6.530910122319552637e-14 3.806411095295629639e+04
2.230683005008347042e+00 8.993372943146676235e+00 3.806854407195188105e+04 5.952650883372720883e-14 3.806854407195188105e+04
2.232367579298831117e+00 9.025320738711078761e+00 3.807293240109818726e+04 5.425594914609328249e-14 3.807293240109818726e+04
2.234052153589315637e+00 9.057268534275488392e+00 3.807727617236199148e+04 4.945208028637554016e-14 3.807727617236199148e+04
2.235736727879799712e+00 9.086355720351418697e+00 3.808157561626810639e+04 4.507357577580975450e-14 3.808157561626810639e+04
2.237421302170283788e+00 9.115105254793821388e+00 3.808583096191068034e+04 4.108276891207468070e-14 3.808583096191068034e+04
2.239105876460767863e+00 9.145328917996524254e+00 3.809004243696441699e+04 3.744532864756504596e-14 3.809004243696441699e+04
2.240790450751251939e+00 9.177049321373530688e+00 3.809421026769562013e+04 3.412996417477745579e-14 3.809421026769562013e+04
2.242475025041736014e+00 9.208652796696101817e+00 3.809833467897323862e+04 3.110815567609112815e-14 3.809833467897323862e+04
2.244159599332220090e+00 9.239179599439749424e+00 3.810241589427966392e+04 2.835390892045586721e-14 3.810241589427966392e+04
2.245844173622704609e+00 9.269706402183402361e+00 3.810645413572154939e+04 2.584353159477700736e-14 3.810645413572154939e+04
2.247528747913188685e+00 9.297565461438802359e+00 3.811044962404045509e+04 2.355542944489623752e-14 3.811044962404045509e+04
2.249213322203672760e+00 9.324180168201849028e+00 3.811440257862345607e+04 2.146992047157443297e-14 3.811440257862345607e+04
2.250897896494156836e+00 9.351863362083346232e+00 3.811831321751348150e+04 1.956906558232195833e-14 3.811831321751348150e+04
2.252582470784640911e+00 9.382496733767720087e+00 3.812218175741980667e+04 1.783651424155373021e-14 3.812218175741980667e+04
2.254267045075125431e+00 9.413130105452102825e+00 3.812600841372824652e+04 1.625736379065699302e-14 3.812600841372824652e+04
2.255951619365609062e+00 9.446845115761837164e+00 3.812979340051134204e+04 1.481803122722878812e-14 3.812979340051134204e+04
2.257636193656093582e+00 9.481182238498920611e+00 3.813353693053835741e+04 1.350613633997043238e-14 3.813353693053835741e+04
2.259320767946577657e+00 9.510927087969932359e+00 3.813723921528537176e+04 1.231039519349496610e-14 3.813723921528537176e+04
2.261005342237061733e+00 9.533731123119327577e+00 3.814090046494502894e+04 1.122052304635149996e-14 3.814090046494502894e+04
2.262689916527545808e+00 9.556535158268724572e+00 3.814452088843641104e+04 1.022714586680311169e-14 3.814452088843641104e+04
2.264374490818029884e+00 9.592123075379811681e+00 3.814810069341464259e+04 9.321719684867724194e-15 3.814810069341464259e+04
2.266059065108514403e+00 9.628349062617228782e+00 3.815164008628055308e+04 8.496457086592436973e-15 3.815164008628055308e+04
2.267743639398998035e+00 9.660177028249464115e+00 3.815513927219020115e+04 7.744260218002045773e-15 3.815513927219020115e+04
2.269428213689482554e+00 9.687515726649577275e+00 3.815859845506415149e+04 7.058659722181726034e-15 3.815859845506415149e+04
2.271112787979966630e+00 9.714798397686084996e+00 3.816201783759696991e+04 6.433759084034908369e-15 3.816201783759696991e+04
2.272797362270450705e+00 9.740349146323003637e+00 3.816539762126637652e+04 5.864183903777106892e-15 3.816539762126637652e+04
2.274481936560934781e+00 9.765899894959922278e+00 3.816873800634240615e+04 5.345035662664880772e-15 3.816873800634240615e+04
2.276166510851418856e+00 9.793815030629390961e+00 3.817203919189651060e+04 4.871849583107857706e-15 3.817203919189651060e+04
2.277851085141903376e+00 9.823618784559050354e+00 3.817530137581045710e+04 4.440556220554798390e-15 3.817530137581045710e+04
2.279535659432387007e+00 9.853255371108343041e+00 3.817852475478537235e+04 4.047446456658750225e-15 3.817852475478537235e+04
2.281220233722871527e+00 9.880818100502116508e+00 3.818170952435038635e+04 3.689139592496132514e-15 3.818170952435038635e+04
2.282904808013355602e+00 9.908380829895882869e+00 3.818485587887152360e+04 3.362554267299000018e-15 3.818485587887152360e+04
2.284589382303839677e+00 9.937959815646955519e+00 3.818796401156026695e+04 3.064881952465678103e-15 3.818796401156026695e+04
2.286273956594323753e+00 9.968990581587053867e+00 3.819103411448215047e+04 2.793562792787261597e-15 3.819103411448215047e+04
2.287958530884807828e+00 9.999454171700492111e+00 3.819406637856523594e+04 2.546263587018692915e-15 3.819406637856523594e+04
2.289643105175292348e+00 1.002358792101430929e+01 3.819706099360863300e+04 2.320857718336958569e-15 3.819706099360863300e+04
2.291327679465775979e+00 1.004772167032811403e+01 3.820001814829069917e+04 2.115406862007439162e-15 3.820001814829069917e+04
2.293012253756260499e+00 1.007670547644474901e+01 3.820293803017736354e+04 1.928144312871212523e-15 3.820293803017736354e+04
2.294696828046744574e+00 1.010933000165239903e+01 3.820582082573039224e+04 1.757459789208298607e-15 3.820582082573039224e+04
2.296381402337228650e+00 1.014165378609160584e+01 3.820866672031534836e+04 1.601885582230943891e-15 3.820866672031534836e+04
2.298065976627712725e+00 1.016805465502757855e+01 3.821147589820975554e+04 1.460083932044886358e-15 3.821147589820975554e+04
2.299750550918196801e+00 1.019445552396355126e+01 3.821424854261102155e+04 1.330835521466633200e-15 3.821424854261102155e+04
2.301435125208681320e+00 1.022060742545268219e+01 3.821698483564431808e+04 1.213028988705091624e-15 3.821698483564431808e+04
2.303119699499164952e+00 1.024652904392715058e+01 3.821968495837048249e+04 1.105651368682256451e-15 3.821968495837048249e+04
2.304804273789649471e+00 1.027245066240163140e+01 3.822234909079361387e+04 1.007779380757615596e-15 3.822234909079361387e+04
2.306488848080133547e+00 1.029577915573373303e+01 3.822497741186894564e+04 9.185714879050989911e-16 3.822497741186894564e+04
2.308173422370617622e+00 1.031906743363943235e+01 3.822757009951031068e+04 8.372606590268186880e-16 3.822757009951031068e+04
2.309857996661101698e+00 1.034582304869227620e+01 3.823012733059775928e+04 7.631477721399631852e-16 3.823012733059775928e+04
2.311542570951585773e+00 1.037702597895670031e+01 3.823264928098504606e+04 6.955956016857658823e-16 3.823264928098504606e+04
2.313227145242070293e+00 1.040822890922113153e+01 3.823513612550697144e+04 6.340233382356889059e-16 3.823513612550697144e+04
2.314911719532554368e+00 1.042836776829032175e+01 3.823758803798682493e+04 5.779015934506696800e-16 3.823758803798682493e+04
2.316596293823038444e+00 1.044699190110078568e+01 3.824000519124355924e+04 5.267478473237968957e-16 3.824000519124355924e+04
2.318280868113522519e+00 1.047028775944001389e+01 3.824238775709909532e+04 4.801222985425288720e-16 3.824238775709909532e+04
2.319965442404006595e+00 1.050402103123141728e+01 3.824473590638540918e+04 4.376240822742910232e-16 3.824473590638540918e+04
2.321650016694490670e+00 1.053775430302281890e+01 3.824704980895168410e+04 3.988878228405573732e-16 3.824704980895168410e+04
2.323334590984974746e+00 1.056311512820367682e+01 3.824932963367124466e+04 3.635804916256276016e-16 3.824932963367124466e+04
2.325019165275459265e+00 1.058542436686976451e+01 3.825157554844861443e+04 3.313985431922044283e-16 3.825157554844861443e+04
2.326703739565943341e+00 1.060848250763963385e+01 3.825378772022634803e+04 3.020653049693914110e-16 3.825378772022634803e+04
2.328388313856427416e+00 1.063576369943979394e+01 3.825596631499192154e+04 2.753285980599462749e-16 3.825596631499192154e+04
2.330072888146911492e+00 1.066304489123995225e+01 3.825811149778446270e+04 2.509585687022322543e-16 3.825811149778446270e+04
2.331757462437395567e+00 1.068497987178455055e+01 3.826022343270153215e+04 2.287457117341773361e-16 3.826022343270153215e+04
2.333442036727879643e+00 1.070255060020691040e+01 3.826230228290570813e+04 2.084990690584299025e-16 3.826230228290570813e+04
2.335126611018363718e+00 1.072012132862926848e+01 3.826434821063127310e+04 1.900445876133044764e-16 3.826434821063127310e+04
2.336811185308848238e+00 1.074700314416688585e+01 3.826636078155681753e+04 1.732236227261853010e-16 3.826636078155681753e+04
2.338495759599332313e+00 1.077443144095893324e+01 3.826834010144828062e+04 1.578915739767453473e-16 3.826834010144828062e+04
2.340180333889816389e+00 1.080117414646467289e+01 3.827028627002130088e+04 1.439166418370895318e-16 3.827028627002130088e+04
2.341864908180300464e+00 1.082654129815076871e+01 3.827219938046418247e+04 1.311786943949952397e-16 3.827219938046418247e+04
2.343549482470784540e+00 1.085190844983686453e+01 3.827407951891532866e+04 1.195682344132268789e-16 3.827407951891532866e+04
2.345234056761268615e+00 1.087756477811958433e+01 3.827592676389074768e+04 1.089854578410185310e-16 3.827592676389074768e+04
2.346918631051752691e+00 1.090334334543710781e+01 3.827774118565725075e+04 9.933939568047043172e-17 3.827774118565725075e+04
2.348603205342237210e+00 1.092831738207492442e+01 3.827952284554587095e+04 9.054713182756333926e-17 3.827952284554587095e+04
2.350287779632721286e+00 1.094309568207982863e+01 3.828127179520033678e+04 8.253309016102559657e-17 3.828127179520033678e+04
2.351972353923205361e+00 1.095787398208473284e+01 3.828298807575395767e+04 7.522838474783413961e-17 3.828298807575395767e+04
2.353656928213689437e+00 1.097552753468619180e+01 3.828467171692867123e+04 6.857022757713714292e-17 3.828467171692867123e+04
2.355341502504173512e+00 1.099706184806916553e+01 3.828632273604867078e+04 6.250138872907078197e-17 3.828632273604867078e+04
2.357026076794657587e+00 1.101859616145214105e+01 3.828794113696072600e+04 5.696970433601889026e-17 3.828794113696072600e+04
2.358710651085141663e+00 1.104096825063162335e+01 3.828952690885223274e+04 5.192762810488951551e-17 3.828952690885223274e+04
2.360395225375626183e+00 1.106358763254997868e+01 3.829108002495766414e+04 4.733182254365669814e-17 3.829108002495766414e+04
2.362079799666110258e+00 1.108629729426639088e+01 3.829260044114266930e+04 4.314278637689515515e-17 3.829260044114266930e+04
2.363764373956594333e+00 1.110976252328811320e+01 3.829408809435445437e+04 3.932451494627471836e-17 3.829408809435445437e+04
2.365448948247078409e+00 1.113322775230983552e+01 3.829554290092589508e+04 3.584419067569804818e-17 3.829554290092589508e+04
2.367133522537562484e+00 1.115146937518255754e+01 3.829696475471951999e+04 3.267190093929761608e-17 3.829696475471951999e+04
2.368818096828046560e+00 1.116277250535402743e+01 3.829835352509647055e+04 2.978038090620694120e-17 3.829835352509647055e+04
2.370502671118530635e+00 1.117407563552549732e+01 3.829970905469387071e+04 2.714477915081236947e-17 3.829970905469387071e+04
2.372187245409015155e+00 1.119002261671437637e+01 3.830103115699258342e+04 2.474244401298419932e-17 3.830103115699258342e+04
2.373871819699499230e+00 1.120759789828140818e+01 3.830231961365583993e+04 2.255272887123567493e-17 3.830231961365583993e+04
2.375556393989983306e+00 1.122522341550759961e+01 3.830357417161697231e+04 2.055681465439614115e-17 3.830357417161697231e+04
2.377240968280467381e+00 1.124390645044508297e+01 3.830479453989292233e+04 1.873754806565457156e-17 3.830479453989292233e+04
2.378925542570951457e+00 1.126258948538256455e+01 3.830598038609755167e+04 1.707929412792639400e-17 3.830598038609755167e+04
2.380610116861435532e+00 1.128346547095231145e+01 3.830713133262675547e+04 1.556780178267085466e-17 3.830713133262675547e+04
2.382294691151919608e+00 1.130862820944760472e+01 3.830824695248445641e+04 1.419008138653145714e-17 3.830824695248445641e+04
2.383979265442404127e+00 1.133379094794290509e+01 3.830932676471596642e+04 1.293429305248909840e-17 3.830932676471596642e+04
2.385663839732888203e+00 1.135123328437581236e+01 3.831037022941155737e+04 1.178964487547071373e-17 3.831037022941155737e+04
2.387348414023372278e+00 1.136393664772305456e+01 3.831137674224039074e+04 1.074630016735198729e-17 3.831137674224039074e+04
2.389032988313856354e+00 1.137664001107029499e+01 3.831234562847054622e+04 9.795292903772932685e-18 3.831234562847054622e+04
2.390717562604340429e+00 1.138947691540366591e+01 3.831327613642717188e+04 8.928450655788809275e-18 3.831327613642717188e+04
2.392402136894824505e+00 1.140232949956025266e+01 3.831416743033624516e+04 8.138324343745601629e-18 3.831416743033624516e+04
2.394086711185308580e+00 1.141528048680984675e+01 3.831501858249656652e+04 7.418124209430942020e-18 3.831501858249656652e+04
2.395771285475793100e+00 1.142875459465840926e+01 3.831582856471746345e+04 6.761661456018481877e-18 3.831582856471746345e+04
2.397455859766277175e+00 1.144222870250696822e+01 3.831659623895381083e+04 6.163295054061511735e-18 3.831659623895381083e+04
2.399140434056761251e+00 1.145308878358914839e+01 3.831732034706389823e+04 5.617883256207232984e-18 3.831732034706389823e+04
2.400825008347245326e+00 1.146018498721621093e+01 3.831799949960907543e+04 5.120739403796015218e-18 3.831799949960907543e+04
2.402509582637729402e+00 1.146728119084327346e+01 3.831863216360656224e+04 4.667591645407739326e-18 3.831863216360656224e+04
2.404194156928213921e+00 1.148309721620400303e+01 3.831921664913932909e+04 4.254546221054886214e-18 3.831921664913932909e+04
2.405878731218697553e+00 1.150361853932841605e+01 3.831975109471866017e+04 3.878053996380500011e-18 3.831975109471866017e+04
2.407563305509182072e+00 1.152413986245284150e+01 3.832023345128558867e+04 3.534879959159111032e-18 3.832023345128558867e+04
2.409247879799666148e+00 1.154528472389243632e+01 3.832066146472875698e+04 3.222075415874576531e-18 3.832066146472875698e+04
2.410932454090150223e+00 1.156651679265064381e+01 3.832103265678536263e+04 2.936952649354343326e-18 3.832103265678536263e+04
2.412617028380634299e+00 1.158713271583962445e+01 3.832134430418219563e+04 2.677061819607816687e-18 3.832134430418219563e+04
2.414301602671118374e+00 1.160215061320267615e+01 3.832159341586257506e+04 2.440169909296538860e-18 3.832159341586257506e+04
2.415986176961602894e+00 1.161716851056573319e+01 3.832177670813419536e+04 2.224241532845055250e-18 3.832177670813419536e+04
2.417670751252086525e+00 1.162751714406370063e+01 3.832189057756191323e+04 2.027421444223745305e-18 3.832189057756191323e+04
2.419355325542571045e+00 1.162743047503141014e+01 3.832193107141924702e+04 1.848018593036568750e-18 3.832193107141924702e+04
2.421039899833055120e+00 1.162734380599911788e+01 3.832189385550274164e+04 1.684491591862023186e-18 3.832189385550274164e+04
2.422724474123539196e+00 1.163506812750993902e+01 3.832177417910489748e+04 1.535435469922643758e-18 3.832177417910489748e+04
2.424409048414023271e+00 1.165056298251179001e+01 3.832156683693664672e+04 1.399569599221827950e-18 3.832156683693664672e+04
2.426093622704507347e+00 1.166605783751364100e+01 3.832126612778719573e+04 1.275726689363337076e-18 3.832126612778719573e+04
2.427778196994991866e+00 1.167073985045280615e+01 3.832086580971339572e+04 1.162842756456953249e-18 3.832086580971339572e+04
2.429462771285475498e+00 1.167064227042532387e+01 3.832035905156008812e+04 1.059947979887894641e-18 3.832035905156008812e+04
2.431147345575960017e+00 1.167054469039784159e+01 3.831973838063399307e+04 9.661583683591770883e-19 3.831973838063399307e+04
2.432831919866444093e+00 1.168987599129798838e+01 3.831899562638710631e+04 8.806681635748254698e-19 3.831899562638710631e+04
2.434516494156928168e+00 1.171216636430049363e+01 3.831812186001745431e+04 8.027429162701991084e-19 3.831812186001745431e+04
2.436201068447412244e+00 1.173378078773664157e+01 3.831710732997054583e+04 7.317131750781303417e-19 3.831710732997054583e+04
2.437885642737896319e+00 1.173377388485059392e+01 3.831594139343158895e+04 6.669687339855490585e-19 3.831594139343158895e+04
2.439570217028380839e+00 1.173376698196454448e+01 3.831461244404560421e+04 6.079533889379888053e-19 3.831461244404560421e+04
2.441254791318864470e+00 1.173685304406643581e+01 3.831310783630106016e+04 5.541601585257314532e-19 3.831310783630106016e+04
2.442939365609348989e+00 1.175339783427931906e+01 3.831141380727695650e+04 5.051269276741889751e-19 3.831141380727695650e+04
2.444623939899833065e+00 1.176994262449219697e+01 3.830951539679912821e+04 4.604324768980556601e-19 3.830951539679912821e+04
2.446308514190317140e+00 1.178373668900786875e+01 3.830739636749825877e+04 4.196928629916478595e-19 3.830739636749825877e+04
2.447993088480801216e+00 1.179183356324795184e+01 3.830503912682991358e+04 3.825581200499127159e-19 3.830503912682991358e+04
2.449677662771285291e+00 1.179993043748803494e+01 3.830242465382780938e+04 3.487092524671091634e-19 3.830242465382780938e+04
2.451362237061769811e+00 1.180748562358959397e+01 3.829953243423497770e+04 3.178554940702415536e-19 3.829953243423497770e+04
2.453046811352253442e+00 1.181440084784576072e+01 3.829634040870604076e+04 2.897318098316985083e-19 3.829634040870604076e+04
2.454731385642737962e+00 1.182131607210192925e+01 3.829282494000050792e+04 2.640966186904560132e-19 3.829282494000050792e+04
2.456415959933222037e+00 1.183387915791580269e+01 3.828896080646850169e+04 2.407297179120337857e-19 3.828896080646850169e+04
2.458100534223706113e+00 1.185064390289130820e+01 3.828472123061140155e+04 2.194303911490041609e-19 3.828472123061140155e+04
2.459785108514190188e+00 1.186740864786681549e+01 3.828007795297102712e+04 2.000156839433737527e-19 3.828007795297102712e+04
2.461469682804674264e+00 1.187851083911575856e+01 3.827500136288064095e+04 1.823188318508215823e-19 3.827500136288064095e+04
2.463154257095158783e+00 1.188697851955532059e+01 3.826946069843006262e+04 1.661878276787497544e-19 3.826946069843006262e+04
2.464838831385642859e+00 1.189544619999487907e+01 3.826342432798210211e+04 1.514841155256758982e-19 3.826342432798210211e+04
2.466523405676126934e+00 1.190995693485138496e+01 3.825686012426600064e+04 1.380814003992251134e-19 3.825686012426600064e+04
2.468207979966611010e+00 1.192617543766960431e+01 3.824973593895061640e+04 1.258645631834401039e-19 3.824973593895061640e+04
2.469892554257095085e+00 1.194239394048782366e+01 3.824202018019020761e+04 1.147286716314100355e-19 3.824202018019020761e+04
2.471577128547579161e+00 1.194496370163779453e+01 3.823368248765459430e+04 1.045780788845366546e-19 3.823368248765459430e+04
2.473261702838063236e+00 1.194540300683477874e+01 3.822469448910697974e+04 9.532560177197173016e-20 3.822469448910697974e+04
2.474946277128547756e+00 1.194584231203176294e+01 3.821503061038336455e+04 8.689177182937301969e-20 3.821503061038336455e+04
2.476630851419031387e+00 1.195442804491359468e+01 3.820466889810258726e+04 7.920415260110388769e-20 3.820466889810258726e+04
2.478315425709515907e+00 1.196354828145679861e+01 3.819359180374963762e+04 7.219671735955375404e-20 3.819359180374963762e+04
2.479999999999999982e+00 1.197266851800000076e+01 3.818178687147116580e+04 6.580928189460492521e-20 3.818178687147116580e+04
