1.470939999999999914e+00 1.045854630000000035e-01 2.004174209434671923e+02 1.191164313798681640e+01 1.885057778054803919e+02
1.472624574290483990e+00 6.159665871404798598e-02 2.204907859511219499e+02 1.318303481340317340e+01 2.073077511377187818e+02
1.474309148580968287e+00 5.335340954014252540e-02 2.422008984557476197e+02 1.459013106374804636e+01 2.276107673919995875e+02
1.475993722871452363e+00 7.307620169781117725e-02 2.656814767119581688e+02 1.614741256726559016e+01 2.495340641446925929e+02
1.477678297161936438e+00 7.269112210694946008e-02 2.910772074330662917e+02 1.787090324708490385e+01 2.732063041859813666e+02
1.479362871452420514e+00 8.876444845503550507e-02 3.185446523412118154e+02 1.977833398644547458e+01 2.987663183547662697e+02
1.481047445742904811e+00 7.887540063020268000e-02 3.482532283364695331e+02 2.188932343582827045e+01 3.263639049006412733e+02
1.482732020033388887e+00 7.776186293445751241e-02 3.803862669213707477e+02 2.422557759630798557e+01 3.561606893250628332e+02
1.484416594323872962e+00 8.763121769743439926e-02 4.151421588032661703e+02 2.681110999271524520e+01 3.883310488105508966e+02
1.486101168614357260e+00 9.383611142041040076e-02 4.527355898528848570e+02 2.967248437514388471e+01 4.230631054777409759e+02
1.487785742904841335e+00 1.006408546329636416e-01 4.933988748042069687e+02 3.283908200106836262e+01 4.605597928031385777e+02
1.489470317195325411e+00 1.081169581830950660e-01 5.373833952127079101e+02 3.634339564288146818e+01 5.010399995698264775e+02
1.491154891485809486e+00 1.128223954520862354e-01 5.849611482119398715e+02 4.022135252289992025e+01 5.447397956890398518e+02
1.492839465776293784e+00 1.259198935140401487e-01 6.364264124768944839e+02 4.451266838006472426e+01 5.919137440968298733e+02
1.494524040066777859e+00 1.430348324800598814e-01 6.920975374566079381e+02 4.926123479211025824e+01 6.428363026644975662e+02
1.496208614357261935e+00 1.405478008885360786e-01 7.523188612988633395e+02 5.451554167591250177e+01 6.978033196229508803e+02
1.497893188647746232e+00 1.424501315796840306e-01 8.174627618526311608e+02 6.032913651479271522e+01 7.571336253378384527e+02
1.499577762938230308e+00 1.417144998693209146e-01 8.879318435626922792e+02 6.676112124349356236e+01 8.211707223191988305e+02
1.501262337228714383e+00 1.529424652640568316e-01 9.641612607874867535e+02 7.387668676239933063e+01 8.902845740250874087e+02
1.502946911519198681e+00 1.625802359597402214e-01 1.046621174843160816e+03 8.174768362123148790e+01 9.648734912219292710e+02
1.504631485809682756e+00 1.874294600372036768e-01 1.135819337602165660e+03 9.045322533260365105e+01 1.045366112269562109e+03
1.506316060100166832e+00 2.070789747650441104e-01 1.232303788362522482e+03 1.000803178114144316e+02 1.132223470551107994e+03
1.508000634390650907e+00 2.079326949896209975e-01 1.336665642450225278e+03 1.107245042733670175e+02 1.225941138176858203e+03
1.509685208681135205e+00 2.243838476554898542e-01 1.449541938976836036e+03 1.224905091512095794e+02 1.327051429825626428e+03
1.511369782971619280e+00 2.487581876333512798e-01 1.571618500526332127e+03 1.354928566597623671e+02 1.436125643866569817e+03
1.513054357262103355e+00 2.712629721773223701e-01 1.703632738256609855e+03 1.498564288624521907e+02 1.553776309394157806e+03
1.514738931552587653e+00 2.936612228655595680e-01 1.846376310687860268e+03 1.657169135753737805e+02 1.680659397112486658e+03
1.516423505843071728e+00 3.125758260234979269e-01 2.000697511746275268e+03 1.832210730853320797e+02 1.817476438660943131e+03
1.518108080133555804e+00 3.252749056040166176e-01 2.167503221574323561e+03 2.025267391200625866e+02 1.964976482454261031e+03
1.519792654424039879e+00 3.530120762971602488e-01 2.347760200075137163e+03 2.238024062444539481e+02 2.123957793830683386e+03
1.521477228714524177e+00 3.784152924367951143e-01 2.542495435827744132e+03 2.472262531922865492e+02 2.295269182635457128e+03
1.523161803005008252e+00 4.103212655256884833e-01 2.752795179661648945e+03 2.729843679811772290e+02 2.479810811680471943e+03
1.524846377295492328e+00 4.360644825899525068e-01 2.979802191119545569e+03 3.012678868836369475e+02 2.678534304235908166e+03
1.526530951585976625e+00 4.615481991111113347e-01 3.224710606931400889e+03 3.322686795328273206e+02 2.892441927398573625e+03
1.528215525876460701e+00 4.969627198712116556e-01 3.488757705865595199e+03 3.661731251508840046e+02 3.122584580714711592e+03
1.529900100166944776e+00 5.398865310134925988e-01 3.773211701166074363e+03 4.031534349703249518e+02 3.370058266195749184e+03
1.531584674457429074e+00 5.826630538835251283e-01 4.079354555466162765e+03 4.433558974166245434e+02 3.635998658049537880e+03
1.533269248747913149e+00 6.244856783818802937e-01 4.408458711045677774e+03 4.868853805773992462e+02 3.921573330468278527e+03
1.534953823038397225e+00 6.704483318023194416e-01 4.761756605356685213e+03 5.337854615486197645e+02 4.227971143808065790e+03
1.536638397328881300e+00 7.132045172179215520e-01 5.140401965002848556e+03 5.840137250505404154e+02 4.556388239952309050e+03
1.538322971619365598e+00 7.668316559325559778e-01 5.545422232706120667e+03 6.374121666158230255e+02 4.908010066090298096e+03
1.540007545909849673e+00 8.198532420563218182e-01 5.977662193088647655e+03 6.936733473311171565e+02 5.283988845757531635e+03
1.541692120200333749e+00 8.756203618414944989e-01 6.437720036678766519e+03 7.523040725994356990e+02 5.685415964079330479e+03
1.543376694490818046e+00 9.376257686143484316e-01 6.925878806718712440e+03 8.125899546536154503e+02 6.113288852065098581e+03
1.545061268781302122e+00 1.000614565690522539e+00 7.442038361702541806e+03 8.735661948471555434e+02 6.568472166855386604e+03
1.546745843071786197e+00 1.063281882387403066e+00 7.985655390952366361e+03 9.340019950912403601e+02 7.051653395861126228e+03
1.548430417362270273e+00 1.130589951152273454e+00 8.555701059521532443e+03 9.924075760275566154e+02 7.563293483493976055e+03
1.550114991652754570e+00 1.204178734928795791e+00 9.150646619280507366e+03 1.047072920060506021e+03 8.103573699220001799e+03
1.551799565943238646e+00 1.278466161782068733e+00 9.768485727852579657e+03 1.096145004057321103e+03 8.672340723795257873e+03
1.553484140233722721e+00 1.350862950496716453e+00 1.040679746021548090e+04 1.137744676328837159e+03 9.269052783886643738e+03
1.555168714524207019e+00 1.425632487840957197e+00 1.106284619641045902e+04 1.170115667041395454e+03 9.892730529369060605e+03
1.556853288814691094e+00 1.499342377434760065e+00 1.173370532871995601e+04 1.191788237046980612e+03 1.054191709167297631e+04
1.558537863105175170e+00 1.574856279866719611e+00 1.241638411450314015e+04 1.201731899875016097e+03 1.121465221462812224e+04
1.560222437395659245e+00 1.655289479411051978e+00 1.310793449463659636e+04 1.199469172709192208e+03 1.190846532192740597e+04
1.561907011686143543e+00 1.736730040480930048e+00 1.380551940461506820e+04 1.185127694840102095e+03 1.262039170977496542e+04
1.563591585976627618e+00 1.803123439289888941e+00 1.450643516683591406e+04 1.159420529951765729e+03 1.334701463688414697e+04
1.565276160267111694e+00 1.873410179581921575e+00 1.520809405917276308e+04 1.123560095154388819e+03 1.408453396401837745e+04
1.566960734557595991e+00 1.941003264433889486e+00 1.590798393754784775e+04 1.079124563470008297e+03 1.482885937407784149e+04
1.568645308848080067e+00 2.010717208945091983e+00 1.660362605569435982e+04 1.027902612490766614e+03 1.557572344320359298e+04
1.570329883138564142e+00 2.083115465722891191e+00 1.729254929849554537e+04 9.717419020643569638e+02 1.632080739643118795e+04
1.572014457429048218e+00 2.152539878049221311e+00 1.797229120259048068e+04 9.124204748009650530e+02 1.705987072778951551e+04
1.573699031719532515e+00 2.210055179005069981e+00 1.864042696766869994e+04 8.515516379842669039e+02 1.778887532968443338e+04
1.575383606010016591e+00 2.274295235316960984e+00 1.929462024089741681e+04 7.905247664549332285e+02 1.850409547444248165e+04
1.577068180300500666e+00 2.326571118138619276e+00 1.993268535514747418e+04 7.304785740277980040e+02 1.920220678111967572e+04
1.578752754590984964e+00 2.372796492672588631e+00 2.055264998205298616e+04 6.723001542754294633e+02 1.988034982777755795e+04
1.580437328881469039e+00 2.418486027683091510e+00 2.115280894541834277e+04 6.166420812133147820e+02 2.053616686420502811e+04
1.582121903171953115e+00 2.465677689138731754e+00 2.173176304445963615e+04 5.639503628407674114e+02 2.116781268161887056e+04
1.583806477462437412e+00 2.512649732551263781e+00 2.228844010524198893e+04 5.144973515817321186e+02 2.177394275366025613e+04
1.585491051752921488e+00 2.559516231565004851e+00 2.282209838764028973e+04 4.684152965015749714e+02 2.235368309113871510e+04
1.587175626043405563e+00 2.594241343715287584e+00 2.333231455731123424e+04 4.257277259589562846e+02 2.290658683135228057e+04
1.588860200333889638e+00 2.623713307438684694e+00 2.381895961284332589e+04 3.863770944511883272e+02 2.343258251839214063e+04
1.590544774624373936e+00 2.653730912320567903e+00 2.428216655400951640e+04 3.502480528477144048e+02 2.393191850116180285e+04
1.592229348914858011e+00 2.683731353087437377e+00 2.472229339681131751e+04 3.171863217847908345e+02 2.440510707502652076e+04
1.593913923205342087e+00 2.706601233528699968e+00 2.513988460961712553e+04 2.870135169718275847e+02 2.485287109264529863e+04
1.595598497495826384e+00 2.724687485436646739e+00 2.553563335572951837e+04 2.595384576153361422e+02 2.527609489811418462e+04
1.597283071786310460e+00 2.744024539790152151e+00 2.591034622278846291e+04 2.345655460073990355e+02 2.567578067678106527e+04
1.598967646076794535e+00 2.763115587725041955e+00 2.626491148653069831e+04 2.119007868464067883e+02 2.605301069968429147e+04
1.600652220367278833e+00 2.782597544632639863e+00 2.660027143884150428e+04 1.913559550021417408e+02 2.640891548383936242e+04
1.602336794657762908e+00 2.803830356477993391e+00 2.691739891900121074e+04 1.727513441711911355e+02 2.674464757483002541e+04
1.604021368948246984e+00 2.828407205692595738e+00 2.721727791403843003e+04 1.559174507828317360e+02 2.706136046325559801e+04
1.605705943238731059e+00 2.839870827757415395e+00 2.750088792066109090e+04 1.406958755370685878e+02 2.736019204512401848e+04
1.607390517529215357e+00 2.847724937698407288e+00 2.776919166562295868e+04 1.269396626473434679e+02 2.764225200297561969e+04
1.609075091819699432e+00 2.855621922396513579e+00 2.802312574272791608e+04 1.145132451450410258e+02 2.790861249758287522e+04
1.610759666110183508e+00 2.865758538510235542e+00 2.826359372503201666e+04 1.032921229589732093e+02 2.816030160207304289e+04
1.612444240400667805e+00 2.878887335142486847e+00 2.849146133586964788e+04 9.316236770713562976e+01 2.839829896816251130e+04
1.614128814691151881e+00 2.890479971642976764e+00 2.870755330137612691e+04 8.402002280182023242e+01 2.862353327857430850e+04
1.615813388981635956e+00 2.895976881204345155e+00 2.891265155258657251e+04 7.577044817086844830e+01 2.883688110441570461e+04
1.617497963272120032e+00 2.901692190471986343e+00 2.910749449185002595e+04 6.832764438287657072e+01 2.903916684746715327e+04
1.619182537562604329e+00 2.909210716547689035e+00 2.929277708300258746e+04 6.161358016987666275e+01 2.923116350283271095e+04
1.620867111853088405e+00 2.913870661438025422e+00 2.946915156567226950e+04 5.555753939983723910e+01 2.941359402627243253e+04
1.622551686143572480e+00 2.919854644976532576e+00 2.963722863037155548e+04 5.009549777238583346e+01 2.958713313259917049e+04
1.624236260434056778e+00 2.927695555841402619e+00 2.979757892243189053e+04 4.516953535506006290e+01 2.975240938707683017e+04
1.625920834724540853e+00 2.935711773605307773e+00 2.995073476949717588e+04 4.072728812866799331e+01 2.991000748136850962e+04
1.627605409015024929e+00 2.941993447177196686e+00 3.009719204958963746e+04 3.672143965289508571e+01 3.006047060993674313e+04
1.629289983305509004e+00 2.943540938246192784e+00 3.023741213517124561e+04 3.310925255864400185e+01 3.020430288261259921e+04
1.630974557595993302e+00 2.942767010622362456e+00 3.037182386365420098e+04 2.985213864319236521e+01 3.034197172501100795e+04
1.632659131886477377e+00 2.949748803686337073e+00 3.050082549696813658e+04 2.691526575546456357e+01 3.047391023121267426e+04
1.634343706176961453e+00 2.960023708991528224e+00 3.062478664252768067e+04 2.426719931338255520e+01 3.060051944321429983e+04
1.636028280467445750e+00 2.967837847366845860e+00 3.074405011567753536e+04 2.187957612135565810e+01 3.072217053955618030e+04
1.637712854757929826e+00 2.971421991301427923e+00 3.085893372977986655e+04 1.972680810076487390e+01 3.083920692167910238e+04
1.639397429048413901e+00 2.975876932063823421e+00 3.096973200485857524e+04 1.778581357157232290e+01 3.095194619128699924e+04
1.641082003338897977e+00 2.980126131531907863e+00 3.107671778938359785e+04 1.603577380133162578e+01 3.106068201558227156e+04
1.642766577629382274e+00 2.983922423258734025e+00 3.118014379258047848e+04 1.445791264910533869e+01 3.116568587993137407e+04
1.644451151919866350e+00 2.987498360288523891e+00 3.128024402676205500e+04 1.303529726214267015e+01 3.126720872949991463e+04
1.646135726210350425e+00 2.995659026312941453e+00 3.137723516074460349e+04 1.175265792279122934e+01 3.136548250282181107e+04
1.647820300500834723e+00 3.004409966221358363e+00 3.147131778654557274e+04 1.059622528527893337e+01 3.146072156126029222e+04
1.649504874791318798e+00 3.011092662020689037e+00 3.156267760236021786e+04 9.553583382127639467e+00 3.155312401897809104e+04
1.651189449081802874e+00 3.013482895894854963e+00 3.165148651535260797e+04 8.613536915096299040e+00 3.164287297843751367e+04
1.652874023372286949e+00 3.019111214805342058e+00 3.173790366813561559e+04 7.765991473857375205e+00 3.173013767666176136e+04
1.654558597662771247e+00 3.026426272151919949e+00 3.182207639299983202e+04 7.001845446028805320e+00 3.181507454755380240e+04
1.656243171953255322e+00 3.030404452047432251e+00 3.190414109802173334e+04 6.312892494249699560e+00 3.189782820552747944e+04
1.657927746243739398e+00 3.029916412720095487e+00 3.198422408916651693e+04 5.691733579580712465e+00 3.197853235558693268e+04
1.659612320534223695e+00 3.038454259403112090e+00 3.206244233242332120e+04 5.131697605794826700e+00 3.205731063481752790e+04
1.661296894824707771e+00 3.044080684325250807e+00 3.213890415988863606e+04 4.626769846407250419e+00 3.213427739004222894e+04
1.662981469115191846e+00 3.051217704897773775e+00 3.221370992356105853e+04 4.171527396002604249e+00 3.220953839616505866e+04
1.664666043405676144e+00 3.060688362892439507e+00 3.228695260043849703e+04 3.761080960027466613e+00 3.228319151947846694e+04
1.666350617696160219e+00 3.068201131051752295e+00 3.235871835232475132e+04 3.391022363222319314e+00 3.235532732996152845e+04
1.668035191986644294e+00 3.077434394601448187e+00 3.242908704356289672e+04 3.057377216778990547e+00 3.242602966634611948e+04
1.669719766277128592e+00 3.081451724114857793e+00 3.249813271972290386e+04 2.756562238619997718e+00 3.249537615748428288e+04
1.671404340567612667e+00 3.080485057624188006e+00 3.256592405008231435e+04 2.485346770373319636e+00 3.256343870331193830e+04
1.673088914858096743e+00 3.085918053038396724e+00 3.263252473655633003e+04 2.240818079112828709e+00 3.263028391847721650e+04
1.674773489148580818e+00 3.096384288223425152e+00 3.269799389155664176e+04 2.020350072167877542e+00 3.269597354148447266e+04
1.676458063439065116e+00 3.105034035244655488e+00 3.276238638708954022e+04 1.821575089661219504e+00 3.276056481199987320e+04
1.678142637729549191e+00 3.109576893187549373e+00 3.282575317724315391e+04 1.642358472276056025e+00 3.282411081877087418e+04
1.679827212020033267e+00 3.109661706331136699e+00 3.288814159606177418e+04 1.480775631405564230e+00 3.288666082043036295e+04
1.681511786310517564e+00 3.117916958540169148e+00 3.294959563266186160e+04 1.335091375607143194e+00 3.294826054128625401e+04
1.683196360601001640e+00 3.128386243756084539e+00 3.301015618531035580e+04 1.203741271440081251e+00 3.300895244403891411e+04
1.684880934891485715e+00 3.137948319305093658e+00 3.306986129605949827e+04 1.085314838562810635e+00 3.306877598122094059e+04
1.686565509181969791e+00 3.139295284310349654e+00 3.312874636741530412e+04 9.785403986309830771e-01 3.312776782701667253e+04
1.688250083472454088e+00 3.144310138650242781e+00 3.318684436240696232e+04 8.822714152753088346e-01 3.318596209099168482e+04
1.689934657762938164e+00 3.153082031222859793e+00 3.324418598932250461e+04 7.954741784378740466e-01 3.324339051514406310e+04
1.691619232053422239e+00 3.166195486023674288e+00 3.330079987228117534e+04 7.172167007745584577e-01 3.330008265558040148e+04
1.693303806343906537e+00 3.169764543846367300e+00 3.335671270872495370e+04 6.466587068442655184e-01 3.335606605001811113e+04
1.694988380634390612e+00 3.175078561744235639e+00 3.341194941482983995e+04 5.830426075396900609e-01 3.341136637222229911e+04
1.696672954924874688e+00 3.181574653489219973e+00 3.346653325976174528e+04 5.256853627956337149e-01 3.346600757439895096e+04
1.698357529215358763e+00 3.187114028963084156e+00 3.352048598963192489e+04 4.739711451520923768e-01 3.352001201848677738e+04
1.700042103505843061e+00 3.197898598704356665e+00 3.357382794194149756e+04 4.273447253519143674e-01 3.357340059721613943e+04
1.701726677796327136e+00 3.206372373025683675e+00 3.362363608113228111e+04 3.853055089097559005e-01 3.362325077562337538e+04
1.703411252086811212e+00 3.211025637898419660e+00 3.367309548276688292e+04 3.474021595825793618e-01 3.367274808060729993e+04
1.705095826377295509e+00 3.217910033005265014e+00 3.372220563677713653e+04 3.132277519777918462e-01 3.372189240902516030e+04
1.706780400667779585e+00 3.225481750860867081e+00 3.377096592809378490e+04 2.824154012201384178e-01 3.377068351269256527e+04
1.708464974958263660e+00 3.232998245846048224e+00 3.381937575178882253e+04 2.546343227242423013e-01 3.381912111746610026e+04
1.710149549248747736e+00 3.239538866458657740e+00 3.386743467738615436e+04 2.295862797411391265e-01 3.386720509110641433e+04
1.711834123539232033e+00 3.246208565413854608e+00 3.391514254232303210e+04 2.070023805135024764e-01 3.391493553994251124e+04
1.713518697829716109e+00 3.255532975803363982e+00 3.396249948489828967e+04 1.866401906308319814e-01 3.396231284470765968e+04
1.715203272120200184e+00 3.267455166201650663e+00 3.400950594236019242e+04 1.682811295624969672e-01 3.400933766123062378e+04
1.716887846410684482e+00 3.276088904418581471e+00 3.405616263187284494e+04 1.517281234000331935e-01 3.405601090374944033e+04
1.718572420701168557e+00 3.283891459097747045e+00 3.410247052441399137e+04 1.368034885928383071e-01 3.410233372092539503e+04
1.720256994991652633e+00 3.291905869329362577e+00 3.414843081687041558e+04 1.233470239433220317e-01 3.414830746984646976e+04
1.721941569282136708e+00 3.301770285275045680e+00 3.419404490492759214e+04 1.112142903652235948e-01 3.419393369063721912e+04
1.723626143572621006e+00 3.306716342430467304e+00 3.423931435792474076e+04 1.002750599260732733e-01 3.423921408286481164e+04
1.725310717863105081e+00 3.311769229860628272e+00 3.428424089610418741e+04 9.041191751362367968e-02 3.428415048418667720e+04
1.726995292153589379e+00 3.318377131145798575e+00 3.432882637030932528e+04 8.151900010577807498e-02 3.432874485130921676e+04
1.728679866444073454e+00 3.330269985242360953e+00 3.437307274400713504e+04 7.350086010196449360e-02 3.437299924314703821e+04
1.730364440734557530e+00 3.338798595046238660e+00 3.441698207743418607e+04 6.627144050666769481e-02 3.441691580599368172e+04
1.732049015025041605e+00 3.345364261488707580e+00 3.446055651364268851e+04 5.975315095755358297e-02 3.446049676049173286e+04
1.733733589315525681e+00 3.357583925610405640e+00 3.450379826622643304e+04 5.387603467394165568e-02 3.450374439019176498e+04
1.735418163606009978e+00 3.365559575466231745e+00 3.454670960852190183e+04 4.857701737814431459e-02 3.454666103150452545e+04
1.737102737896494054e+00 3.372202079744600844e+00 3.458929286410089844e+04 4.379923012278930800e-02 3.458924906487077533e+04
1.738787312186978351e+00 3.380846351205944345e+00 3.463155039839170058e+04 3.949139875115172116e-02 3.463151090699295310e+04
1.740471886477462427e+00 3.387877554131612623e+00 3.467348461128686176e+04 3.560729343333347841e-02 3.467344900399343169e+04
1.742156460767946502e+00 3.395610758289441033e+00 3.471509793061381060e+04 3.210523236642210537e-02 3.471506582538143994e+04
1.743841035058430577e+00 3.405429755407958670e+00 3.475639280636098556e+04 2.894763430861083120e-02 3.475636385872667597e+04
1.745525609348914653e+00 3.417382917236245987e+00 3.479737170556707861e+04 2.610061514178696473e-02 3.479734560495193728e+04
1.747210183639398950e+00 3.428979393756368843e+00 3.483803710779248649e+04 2.353362413003026732e-02 3.483801357416835526e+04
1.748894757929883026e+00 3.439778090863647719e+00 3.487839150110373885e+04 2.121911596783971829e-02 3.487837028198777261e+04
1.750579332220367323e+00 3.446263975409731728e+00 3.491843737851039623e+04 1.913225509631165736e-02 3.491841824625530717e+04
1.752263906510851399e+00 3.454040994283348542e+00 3.495817723480171844e+04 1.725064911208398430e-02 3.495815998415260401e+04
1.753948480801335474e+00 3.463000955221410493e+00 3.499761356373748276e+04 1.555410840631471503e-02 3.499759800962908048e+04
1.755633055091819550e+00 3.466710114065734150e+00 3.503674885555309447e+04 1.402442945269294881e-02 3.503673483112364192e+04
1.757317629382303847e+00 3.478139487527786677e+00 3.507558559474378126e+04 1.264519941746127842e-02 3.507557294954435929e+04
1.759002203672787923e+00 3.494900384818552919e+00 3.511412625809749443e+04 1.140161999342816264e-02 3.511411485647749942e+04
1.760686777963271998e+00 3.503767291787476257e+00 3.515237331294946489e+04 1.028034856640080118e-02 3.515236303260090062e+04
1.762371352253756296e+00 3.511795066179249858e+00 3.519032921563475247e+04 9.269355008614780719e-03 3.519031994627974200e+04
1.764055926544240371e+00 3.519399090819552711e+00 3.522799641011783388e+04 8.357792561551127819e-03 3.522798805232527229e+04
1.765740500834724447e+00 3.528089916296236694e+00 3.526537732678071916e+04 7.535881421837628547e-03 3.526536979089929810e+04
1.767425075125208522e+00 3.536071911012294677e+00 3.530247438135342236e+04 6.794803780349314114e-03 3.530246758654963924e+04
1.769109649415692820e+00 3.544160893504022081e+00 3.533928997397172498e+04 6.126609187608230041e-03 3.533928384736253793e+04
1.770794223706176895e+00 3.556054041262010745e+00 3.537582648834996508e+04 5.524129229473010057e-03 3.537582096422073664e+04
1.772478797996660971e+00 3.567648921647910143e+00 3.541208629105670843e+04 4.980900597080208103e-03 3.541208131015610707e+04
1.774163372287145268e+00 3.578998698808408374e+00 3.544807173088352283e+04 4.491095725139010106e-03 3.544806723978780064e+04
1.775847946577629344e+00 3.589880202458480607e+00 3.548378513829714211e+04 4.049460253944107448e-03 3.548378108883689129e+04
1.777532520868113419e+00 3.601081526420189860e+00 3.551922882496730017e+04 3.651256643741729920e-03 3.551922517371065624e+04
1.779217095158597495e+00 3.612108565073532951e+00 3.555440508336239145e+04 3.292213336144155043e-03 3.555440179114905914e+04
1.780901669449081792e+00 3.619718616270059641e+00 3.558931618640674424e+04 2.968478916844654106e-03 3.558931321792782546e+04
1.782586243739565868e+00 3.630273187521043887e+00 3.562396438719320577e+04 2.676580787584504142e-03 3.562396171061242057e+04
1.784270818030049943e+00 3.642613968623483522e+00 3.565835191874581506e+04 2.413387903736091081e-03 3.565834950535790995e+04
1.785955392320534241e+00 3.649452846013661045e+00 3.569248099382780492e+04 2.176077177517820975e-03 3.569247881775062706e+04
1.787639966611018316e+00 3.659167578546297594e+00 3.572635380479034939e+04 1.962103186209953037e-03 3.572635184268715966e+04
1.789324540901502392e+00 3.671394302383340857e+00 3.575997252345841116e+04 1.769170860223124751e-03 3.575997075428755488e+04
1.791009115191986467e+00 3.685384764712267280e+00 3.579333930104984756e+04 1.595210857863060437e-03 3.579333770583898877e+04
1.792693689482470765e+00 3.697812132648868211e+00 3.582645626812463161e+04 1.438357362476966111e-03 3.582645482976726635e+04
1.794378263772954840e+00 3.708442656270167337e+00 3.585932553456151800e+04 1.296928063673032702e-03 3.585932423763345287e+04
1.796062838063438916e+00 3.709590171792539248e+00 3.589194918955895264e+04 1.169406107750047170e-03 3.589194802015284222e+04
1.797747412353923213e+00 3.715117978210754401e+00 3.592432930165839934e+04 1.054423823614216403e-03 3.592432824723457452e+04
1.799431986644407289e+00 3.728846422199930899e+00 3.595646791878763179e+04 9.507480495189640822e-04 3.595646696803958912e+04
1.801116560934891364e+00 3.740746109865436431e+00 3.598836706832189520e+04 8.572669031476418252e-04 3.598836621105499216e+04
1.802801135225375440e+00 3.753578003197005852e+00 3.602002875716139533e+04 7.729778530527649238e-04 3.602002798418354359e+04
1.804485709515859737e+00 3.769741821427518680e+00 3.605145497182323015e+04 6.969769634336940188e-04 3.605145427484626271e+04
1.806170283806343813e+00 3.782458379688663275e+00 3.608264767854658567e+04 6.284491968296049150e-04 3.608264705009738827e+04
1.807854858096828110e+00 3.793989799782821137e+00 3.611360882340933313e+04 5.666596706595467339e-04 3.611360825674965599e+04
1.809539432387312186e+00 3.806169852570673751e+00 3.614434033245534374e+04 5.109457737799265884e-04 3.614433982150956581e+04
1.811224006677796261e+00 3.817505225278262415e+00 3.617484411183106567e+04 4.607100584600429304e-04 3.617484365112100932e+04
1.812908580968280337e+00 3.828349918847846034e+00 3.620512204793030105e+04 4.154138314993651858e-04 3.620512163251646416e+04
1.814593155258764412e+00 3.842688257467859803e+00 3.623517600754644081e+04 3.745713757137487162e-04 3.623517563297506422e+04
1.816277729549248710e+00 3.854157545301555299e+00 3.626500783803119702e+04 3.377447397834451798e-04 3.626500750028645416e+04
1.817962303839732785e+00 3.862117448241555451e+00 3.629461936745902494e+04 3.045390405556817437e-04 3.629461906291997730e+04
1.819646878130217083e+00 3.874702288973783215e+00 3.632401240479650733e+04 2.745982273942817109e-04 3.632401213019827992e+04
1.821331452420701158e+00 3.886918828115266233e+00 3.635318874007621343e+04 2.476012631277102298e-04 3.635318849247494654e+04
1.823016026711185233e+00 3.896499786563724754e+00 3.638215014457411598e+04 2.232586806175434135e-04 3.638214992131543841e+04
1.824700601001669309e+00 3.911497763960936958e+00 3.641089837099045690e+04 2.013094780006411235e-04 3.641089816968097875e+04
1.826385175292153384e+00 3.928136283354176861e+00 3.643943515363309416e+04 1.815183192925834540e-04 3.643943497211477370e+04
1.828069749582637682e+00 3.937987105182826131e+00 3.646776220860327885e+04 1.636730103169234797e-04 3.646776204493026307e+04
1.829754323873121757e+00 3.948991428957706162e+00 3.649588123398317839e+04 1.475822228793540760e-04 3.649588108640095015e+04
1.831438898163606055e+00 3.961143689587869332e+00 3.652379391002492048e+04 1.330734427696874419e-04 3.652379377695147559e+04
1.833123472454090130e+00 3.974292580504056538e+00 3.655150189934074297e+04 1.199911195764993745e-04 3.655150177934962267e+04
1.834808046744574206e+00 3.987059577288457834e+00 3.657900684709392226e+04 1.081949984646729350e-04 3.657900673889892641e+04
1.836492621035058281e+00 3.998614064295614501e+00 3.660631038119029836e+04 9.755861601873698724e-05 3.660631028363167570e+04
1.838177195325542579e+00 4.011727389807055566e+00 3.663341411246998177e+04 8.796794401521672551e-05 3.663341402450203896e+04
1.839861769616026654e+00 4.025494498145619104e+00 3.666031963489919872e+04 7.932016657454866223e-05 3.666031955557902984e+04
1.841546343906510730e+00 4.037759975775854215e+00 3.668702852576176520e+04 7.152257757416980344e-05 3.668702845423918916e+04
1.843230918196995027e+00 4.050813751082375624e+00 3.671354234585038648e+04 6.449158649479591501e-05 3.671354228135880112e+04
1.844915492487479103e+00 4.064896047618171693e+00 3.673986263965727267e+04 5.815182203525581653e-05 3.673986258150544745e+04
1.846600066777963178e+00 4.076732328600703781e+00 3.676599093556400476e+04 5.243532388024005960e-05 3.676599088312868116e+04
1.848284641068447254e+00 4.089176280454814183e+00 3.679192874603065866e+04 4.728081395111655090e-05 3.679192869874984171e+04
1.849969215358931551e+00 4.107014850411169427e+00 3.681767756778381590e+04 4.263303932268925955e-05 3.681767752515077882e+04
1.851653789649415627e+00 4.120497521340016789e+00 3.684323888200349029e+04 3.844217975766802894e-05 3.684323884356131020e+04
1.853338363939899702e+00 4.130217127421952128e+00 3.686861415450883942e+04 3.466331350383171031e-05 3.686861411984552251e+04
1.855022938230384000e+00 4.143383305624277924e+00 3.689380483594254474e+04 3.125593562394528811e-05 3.689380480468660971e+04
1.856707512520868075e+00 4.156835975145296125e+00 3.691881236195379461e+04 2.818352369203168623e-05 3.691881233377027093e+04
1.858392086811352151e+00 4.169971488622493894e+00 3.694363815337982669e+04 2.541314619774362083e-05 3.694363812796667480e+04
1.860076661101836226e+00 4.181304242271484561e+00 3.696828361642573873e+04 2.291510945873832431e-05 3.696828359351061954e+04
1.861761235392320524e+00 4.191422968020445339e+00 3.699275014284290228e+04 2.066263925403619673e-05 3.699275012218026677e+04
1.863445809682804599e+00 4.206643506332636839e+00 3.701703911010568845e+04 1.863159376380869791e-05 3.701703909147409286e+04
1.865130383973288675e+00 4.220980791243637675e+00 3.704115188158626552e+04 1.680020473685807733e-05 3.704115186478605756e+04
1.866814958263772972e+00 4.232217976651453384e+00 3.706508980672790494e+04 1.514884410985045617e-05 3.706508979157905560e+04
1.868499532554257048e+00 4.248218102614226943e+00 3.708885422121636657e+04 1.365981357536836941e-05 3.708885420755654923e+04
1.870184106844741123e+00 4.267248657131943901e+00 3.711244644714945025e+04 1.231715484200514306e-05 3.711244643483229447e+04
1.871868681135225199e+00 4.281269917573222727e+00 3.713586779320480127e+04 1.110647855167909522e-05 3.713586778209832119e+04
1.873553255425709496e+00 4.294818632022707305e+00 3.715911955480573670e+04 1.001481001945281984e-05 3.715911954479092674e+04
1.875237829716193572e+00 4.307984978180869895e+00 3.718220301428528182e+04 9.030450141585107129e-06 3.718220300525482889e+04
1.876922404006677647e+00 4.320469792050435132e+00 3.720511944104824943e+04 8.142849980227084267e-06 3.720511943290539784e+04
1.878606978297161945e+00 4.332455464575396320e+00 3.722787009173142724e+04 7.342497679866472514e-06 3.722787008438893099e+04
1.880291552587646020e+00 4.347320688436447256e+00 3.725045621036193916e+04 6.620816502882001994e-06 3.725045620374112332e+04
1.881976126878130096e+00 4.363557368472476661e+00 3.727287902851353283e+04 5.970072890822477823e-06 3.727287902254345681e+04
1.883660701168614171e+00 4.383887900093206724e+00 3.729513976546104095e+04 5.383293565553888436e-06 3.729513976007774181e+04
1.885345275459098469e+00 4.398753615288505614e+00 3.731723962833294354e+04 4.854190781362585535e-06 3.731723962347875204e+04
1.887029849749582544e+00 4.408193153738419134e+00 3.733917981226200936e+04 4.377094926521550800e-06 3.733917980788492423e+04
1.888714424040066842e+00 4.421696309879724396e+00 3.736096150053395104e+04 3.946893751641272711e-06 3.736096149658706418e+04
1.890398998330550917e+00 4.436147288257956234e+00 3.738258586473424657e+04 3.558977573197347242e-06 3.738258586117527011e+04
1.892083572621034993e+00 4.449827735306600474e+00 3.740405406489306188e+04 3.209189864699602828e-06 3.740405406168387708e+04
1.893768146911519068e+00 4.465215129290303508e+00 3.742536724962825974e+04 2.893782705747818265e-06 3.742536724673448043e+04
1.895452721202003143e+00 4.483401559005502968e+00 3.744652655628655339e+04 2.609376611309631119e-06 3.744652655367718398e+04
1.897137295492487441e+00 4.499930524160289380e+00 3.746753311108281923e+04 2.352924310529039249e-06 3.746753310872989096e+04
1.898821869782971516e+00 4.515617953204101198e+00 3.748838802923747426e+04 2.121678086724692454e-06 3.748838802711579774e+04
1.900506444073455814e+00 4.528590652917021231e+00 3.750909241511211440e+04 1.913160328423839443e-06 3.750909241319894500e+04
1.902191018363939889e+00 4.542643607026814578e+00 3.752964736234326847e+04 1.725136975709997191e-06 3.752964736061812437e+04
1.903875592654423965e+00 4.561507980496123160e+00 3.755005395397437678e+04 1.555593577206576169e-06 3.755005395241877704e+04
1.905560166944908040e+00 4.576645509776041898e+00 3.757031326258600166e+04 1.402713701012491801e-06 3.757031326118328434e+04
1.907244741235392338e+00 4.587663838184333542e+00 3.759042635042419715e+04 1.264859468144512173e-06 3.759042634915934468e+04
1.908929315525876413e+00 4.604505813441567952e+00 3.761039426952718350e+04 1.140553999799562925e-06 3.761039426838662621e+04
1.910613889816360489e+00 4.623440096708611335e+00 3.763021806185023888e+04 1.028465590269318878e-06 3.763021806082177500e+04
1.912298464106844786e+00 4.640398251635777349e+00 3.764989875938895420e+04 9.273934358423184822e-07 3.764989875846156065e+04
1.913983038397328862e+00 4.657202854624080679e+00 3.766943738430069789e+04 8.362547667106218557e-07 3.766943738346443570e+04
1.915667612687812937e+00 4.673579881805983050e+00 3.768883494902444363e+04 7.540732439405381187e-07 3.768883494827037066e+04
1.917352186978297013e+00 4.691170807487072381e+00 3.770809245639892470e+04 6.799684971300921052e-07 3.770809245571895735e+04
1.919036761268781310e+00 4.710065607371114460e+00 3.772721089977918746e+04 6.131466906049248499e-07 3.772721089916604251e+04
1.920721335559265386e+00 4.725705793774355179e+00 3.774619126315146423e+04 5.528920170313271768e-07 3.774619126259857148e+04
1.922405909849749461e+00 4.740111542182226856e+00 3.776503452124648175e+04 4.985590272674691850e-07 3.776503452074791858e+04
1.924090484140233759e+00 4.755704695881637356e+00 3.778374163965116168e+04 4.495657142389801670e-07 3.778374163920160208e+04
1.925775058430717834e+00 4.771879858600605040e+00 3.780231357491885137e+04 4.053872767082277235e-07 3.780231357451347139e+04
1.927459632721201910e+00 4.790439917264899705e+00 3.782075127467782295e+04 3.655504960951516979e-07 3.782075127431227156e+04
1.929144207011685985e+00 4.809066415953275886e+00 3.783905567773848452e+04 3.296286660796435426e-07 3.783905567740885454e+04
1.930828781302170283e+00 4.827790055455704277e+00 3.785722771419893252e+04 2.972370206408468867e-07 3.785722771390169510e+04
1.932513355592654358e+00 4.845221824707889979e+00 3.787526830554903427e+04 2.680286115320176247e-07 3.787526830528100982e+04
1.934197929883138434e+00 4.861879446404580030e+00 3.789317836477316450e+04 2.416905910071158862e-07 3.789317836453147902e+04
1.935882504173622731e+00 4.877050450365255863e+00 3.791095879645137757e+04 2.179408599594248463e-07 3.791095879623343353e+04
1.937567078464106807e+00 4.891994937856763315e+00 3.792861049685920443e+04 1.965250455492768307e-07 3.792861049666268082e+04
1.939251652754590882e+00 4.908686941396974923e+00 3.794613435406607459e+04 1.772137759297002053e-07 3.794613435388886137e+04
1.940936227045074958e+00 4.925285277616974433e+00 3.796353124803231185e+04 1.598002228634357927e-07 3.796353124787250999e+04
1.942620801335559255e+00 4.941588854139832954e+00 3.798080205070481315e+04 1.440978858960168666e-07 3.798080205056071281e+04
1.944305375626043331e+00 4.960044575525136779e+00 3.799794762611136684e+04 1.299385943388168509e-07 3.799794762598142552e+04
1.945989949916527406e+00 4.981278214693913853e+00 3.801496883045365394e+04 1.171707056503915348e-07 3.801496883033647464e+04
1.947674524207011704e+00 5.000551704261070540e+00 3.803186651219889609e+04 1.056574809095488875e-07 3.803186651209324191e+04
1.949359098497495779e+00 5.018654056729701551e+00 3.804864151217035396e+04 9.527561997152789763e-08 3.804864151207508257e+04
1.951043672787979855e+00 5.035084211471175131e+00 3.806529466363638494e+04 8.591394061013366577e-08 3.806529466355047043e+04
1.952728247078463930e+00 5.051105602185392840e+00 3.808182679239838762e+04 7.747218749186399611e-08 3.808182679232092050e+04
1.954412821368948228e+00 5.068933829602041641e+00 3.809823871687749488e+04 6.985995821946972872e-08 3.809823871680763841e+04
1.956097395659432303e+00 5.086553346183340985e+00 3.811453124819997902e+04 6.299573493707988664e-08 3.811453124813698378e+04
1.957781969949916601e+00 5.102823160396750879e+00 3.813070519028158742e+04 5.680601112028558658e-08 3.813070519022477674e+04
1.959466544240400676e+00 5.120480371890532290e+00 3.814676133991056122e+04 5.122450419469806465e-08 3.814676133985933120e+04
1.961151118530884752e+00 5.141106162020221859e+00 3.816270048682965717e+04 4.619144554623996656e-08 3.816270048678346939e+04
1.962835692821368827e+00 5.159512787449155979e+00 3.817852341381692531e+04 4.165294031583597080e-08 3.817852341377527046e+04
1.964520267111852903e+00 5.175498660600450052e+00 3.819423089676534437e+04 3.756039011896790039e-08 3.819423089672779315e+04
1.966204841402337200e+00 5.197191385143249853e+00 3.820982370476147480e+04 3.386997250488625949e-08 3.820982370472760522e+04
1.967889415692821276e+00 5.222121475657996115e+00 3.822530260016287502e+04 3.054217157828221906e-08 3.822530260013233055e+04
1.969573989983305573e+00 5.239915913930913050e+00 3.824066833867457171e+04 2.754135475446625386e-08 3.824066833864703221e+04
1.971258564273789649e+00 5.255766980839744917e+00 3.825592166942440963e+04 2.483539111346047284e-08 3.825592166939956951e+04
1.972943138564273724e+00 5.276473859349116502e+00 3.827106333503736096e+04 2.239530726414248812e-08 3.827106333501496556e+04
1.974627712854757799e+00 5.297366488699762677e+00 3.828609407170883060e+04 2.019497703152774664e-08 3.828609407168863981e+04
1.976312287145241875e+00 5.315455901998645594e+00 3.830101460927695734e+04 1.821084164268201590e-08 3.830101460925874562e+04
1.977996861435726172e+00 5.334086484706033637e+00 3.831582567129391828e+04 1.642165741355146478e-08 3.831582567127750372e+04
1.979681435726210248e+00 5.354964969986848899e+00 3.833052797509626544e+04 1.480826823366389391e-08 3.833052797508145159e+04
1.981366010016694545e+00 5.376028646350126117e+00 3.834512223187419295e+04 1.335340041134911564e-08 3.834512223186084157e+04
1.983050584307178621e+00 5.397489150859355433e+00 3.835960914674015658e+04 1.204147768171389225e-08 3.835960914672811487e+04
1.984735158597662696e+00 5.416907970777280923e+00 3.837398941879609629e+04 1.085845439562592644e-08 3.837398941878524056e+04
1.986419732888146772e+00 5.433690070677323014e+00 3.838826374120023684e+04 9.791665102763977745e-09 3.838826374119044340e+04
1.988104307178630847e+00 5.452363701414796537e+00 3.840243280123260774e+04 8.829688917427938221e-09 3.840243280122377473e+04
1.989788881469115145e+00 5.472593166316499058e+00 3.841649728035982844e+04 7.962227214185942420e-09 3.841649728035186126e+04
1.991473455759599220e+00 5.494919342848297639e+00 3.843045785429907119e+04 7.179993343245191802e-09 3.843045785429188982e+04
1.993158030050083518e+00 5.518349721312593381e+00 3.844431519308102725e+04 6.474613184202439341e-09 3.844431519307455164e+04
1.994842604340567593e+00 5.536644613258264513e+00 3.845806996111212356e+04 5.838535472950347139e-09 3.845806996110628825e+04
1.996527178631051669e+00 5.553277035529402106e+00 3.847172281723583001e+04 5.264950941208956468e-09 3.847172281723056221e+04
1.998211752921535744e+00 5.575187065952019516e+00 3.848527441479322442e+04 4.747719402567757668e-09 3.848527441478848050e+04
1.999896327212019820e+00 5.598029025409012149e+00 3.849872540168266278e+04 4.281304004047241424e-09 3.849872540167838451e+04
2.001580901502504339e+00 5.620774616513113386e+00 3.851207642041872896e+04 3.860711938953340203e-09 3.851207642041486542e+04
2.003265475792988415e+00 5.643444177759190161e+00 3.852532810819034057e+04 3.481440986013329822e-09 3.852532810818686266e+04
2.004950050083472490e+00 5.662873248614027410e+00 3.853848109691807622e+04 3.139431302192992893e-09 3.853848109691494028e+04
2.006634624373956566e+00 5.682254909715959812e+00 3.855153601331080426e+04 2.831021952876036485e-09 3.855153601330797392e+04
2.008319198664440641e+00 5.701198844324306236e+00 3.856449347892148944e+04 2.552911713829653910e-09 3.856449347891894286e+04
2.010003772954924717e+00 5.720789139210039842e+00 3.857735411020230822e+04 2.302123725140417069e-09 3.857735411020000174e+04
2.011688347245408792e+00 5.743570091711672987e+00 3.859011851855899295e+04 2.075973618564990337e-09 3.859011851855691202e+04
2.013372921535893312e+00 5.766622105351762784e+00 3.860278731040452840e+04 1.872040776945462129e-09 3.860278731040265120e+04
2.015057495826377387e+00 5.790595528326280217e+00 3.861536108721206983e+04 1.688142417887647016e-09 3.861536108721037454e+04
2.016742070116861463e+00 5.812769133780244069e+00 3.862784044556718436e+04 1.522310224150930284e-09 3.862784044556565641e+04
2.018426644407345538e+00 5.830453168102283534e+00 3.864022597721943021e+04 1.372769270477627797e-09 3.864022597721805505e+04
2.020111218697829614e+00 5.850881387841986303e+00 3.865251826913328841e+04 1.237919021184622084e-09 3.865251826913205150e+04
2.021795792988313689e+00 5.876658266849402956e+00 3.866471790353831602e+04 1.116316195020456212e-09 3.866471790353720280e+04
2.023480367278797765e+00 5.900108881508573155e+00 3.867682545797877538e+04 1.006659313789949395e-09 3.867682545797777129e+04
2.025164941569282284e+00 5.919766201875705569e+00 3.868884150536252855e+04 9.077747692820112710e-10 3.868884150536161906e+04
2.026849515859766360e+00 5.941306628994090566e+00 3.870076661400941521e+04 8.186042592979268356e-10 3.870076661400859302e+04
2.028534090150250435e+00 5.965434932181037375e+00 3.871260134769880824e+04 7.381934582397154213e-10 3.871260134769807337e+04
2.030218664440734511e+00 5.986949091437968384e+00 3.872434626571676199e+04 6.656818009412070213e-10 3.872434626571609988e+04
2.031903238731218586e+00 6.005272826202194381e+00 3.873600192290246196e+04 6.002932703458173207e-10 3.873600192290185805e+04
2.033587813021702662e+00 6.028013729427794232e+00 3.874756886969396874e+04 5.413280903864582675e-10 3.874756886969342304e+04
2.035272387312186737e+00 6.055664271632297257e+00 3.875904765217366366e+04 4.881552351168127593e-10 3.875904765217317617e+04
2.036956961602671257e+00 6.078248602237920295e+00 3.877043881211277767e+04 4.402056738847059068e-10 3.877043881211233384e+04
2.038641535893155332e+00 6.095702249169810294e+00 3.878174288701564365e+04 3.969662802206663499e-10 3.878174288701524347e+04
2.040326110183639408e+00 6.117570191393556733e+00 3.879296041016314848e+04 3.579743392221331591e-10 3.879296041016279196e+04
2.042010684474123483e+00 6.143709879563334475e+00 3.880409191065580671e+04 3.228125946233594122e-10 3.880409191065548657e+04
2.043695258764607559e+00 6.166332466247316013e+00 3.881513791345615027e+04 2.911047825198519337e-10 3.881513791345585923e+04
2.045379833055091634e+00 6.185624701398016789e+00 3.882609893943073985e+04 2.625116039277791469e-10 3.882609893943047791e+04
2.047064407345575709e+00 6.209666807275408651e+00 3.883697550539149233e+04 2.367270930577986913e-10 3.883697550539125950e+04
2.048748981636060229e+00 6.238215685315905645e+00 3.884776812413660082e+04 2.134753424201618509e-10 3.884776812413638254e+04
2.050433555926544305e+00 6.264526045370798712e+00 3.885847730449085066e+04 1.925075496988723785e-10 3.885847730449066148e+04
2.052118130217028380e+00 6.288604621290634356e+00 3.886910355134552810e+04 1.735993547780200560e-10 3.886910355134534620e+04
2.053802704507512455e+00 6.311873467558187123e+00 3.887964736569771048e+04 1.565484384104332501e-10 3.887964736569755041e+04
2.055487278797996531e+00 6.334294036572719833e+00 3.889010924468917801e+04 1.411723568201337884e-10 3.889010924468903977e+04
2.057171853088480606e+00 6.360990832973326015e+00 3.890048968164483085e+04 1.273065890563943434e-10 3.890048968164470716e+04
2.058856427378964682e+00 6.392508572687368940e+00 3.891078916611050954e+04 1.148027761951512097e-10 3.891078916611039313e+04
2.060541001669449201e+00 6.415965557293707100e+00 3.892100818389048800e+04 1.035271335376109393e-10 3.892100818389037886e+04
2.062225575959933277e+00 6.429158181996287524e+00 3.893114721708444995e+04 9.335901880818295235e-11 3.893114721708436264e+04
2.063910150250417352e+00 6.448724628097024514e+00 3.894120674412402150e+04 8.418964102403761181e-11 3.894120674412394146e+04
2.065594724540901428e+00 6.477703728880267242e+00 3.895118723980877257e+04 7.592089621480164902e-11 3.895118723980869981e+04
2.067279298831385503e+00 6.470305281682876775e+00 3.896108917534191278e+04 6.846431752890067258e-11 3.896108917534184729e+04
2.068963873121869579e+00 6.398708640445318174e+00 3.897091301836549974e+04 6.174012848777670496e-11 3.897091301836542698e+04
2.070648447412353654e+00 6.356152050922716512e+00 3.898065923299511633e+04 5.567638925349721299e-11 3.898065923299505812e+04
2.072333021702838174e+00 6.377128716640111605e+00 3.899032827985427139e+04 5.020822677105953307e-11 3.899032827985422045e+04
2.074017595993322249e+00 6.400279510196737576e+00 3.899992061610834935e+04 4.527714054466145043e-11 3.899992061610829842e+04
2.075702170283806325e+00 6.429625722066503180e+00 3.900943669549805782e+04 4.083037661687263667e-11 3.900943669549801416e+04
2.077386744574290400e+00 6.457766083262543866e+00 3.901887696837259136e+04 3.682036304985022515e-11 3.901887696837255498e+04
2.079071318864774476e+00 6.481079992912148313e+00 3.902824188172224967e+04 3.320420086607666143e-11 3.902824188172221329e+04
2.080755893155258551e+00 6.504574306408336781e+00 3.903753187921087374e+04 2.994320499984340189e-11 3.903753187921084464e+04
2.082440467445742627e+00 6.529295873848177223e+00 3.904674740120766364e+04 2.700249034604999143e-11 3.904674740120763454e+04
2.084125041736227146e+00 6.553933937504290874e+00 3.905588888481879985e+04 2.435059847565715864e-11 3.905588888481877075e+04
2.085809616026711222e+00 6.577175435946877258e+00 3.906495676391856978e+04 2.195916102245563171e-11 3.906495676391854795e+04
2.087494190317195297e+00 6.600416934389463641e+00 3.907395146918014507e+04 1.980259613835344223e-11 3.907395146918013052e+04
2.089178764607679373e+00 6.624841185768967300e+00 3.908287342810606788e+04 1.785783476838380070e-11 3.908287342810604605e+04
2.090863338898163448e+00 6.649298499576487664e+00 3.909172306505824236e+04 1.610407381581266311e-11 3.909172306505822053e+04
2.092547913188647524e+00 6.674664341209540552e+00 3.910050080128770787e+04 1.452255355557024654e-11 3.910050080128769332e+04
2.094232487479131599e+00 6.700150265173056674e+00 3.910920705496397568e+04 1.309635691378391717e-11 3.910920705496396113e+04
2.095917061769616119e+00 6.726297358601199150e+00 3.911784224120404542e+04 1.181022846523661858e-11 3.911784224120403815e+04
2.097601636060100194e+00 6.752622572119467925e+00 3.912640677210107970e+04 1.065041121163341314e-11 3.912640677210106514e+04
2.099286210350584270e+00 6.777715098720779707e+00 3.913490105675272935e+04 9.604499393868792479e-12 3.913490105675272207e+04
2.100970784641068345e+00 6.802228644173527350e+00 3.914332550128916773e+04 8.661305763115593178e-12 3.914332550128915318e+04
2.102655358931552421e+00 6.828615133733727305e+00 3.915168050890069571e+04 7.810741890302507884e-12 3.915168050890068844e+04
2.104339933222036940e+00 6.856397011190056290e+00 3.915996647986520838e+04 7.043710233102991216e-12 3.915996647986520111e+04
2.106024507512520572e+00 6.883369656530947900e+00 3.916818381157515978e+04 6.352006805397758487e-12 3.916818381157515250e+04
2.107709081803005091e+00 6.909368410088102763e+00 3.917633289856425836e+04 5.728233407644547617e-12 3.917633289856425108e+04
2.109393656093489167e+00 6.934775841784718509e+00 3.918441413253398787e+04 5.165718478926508686e-12 3.918441413253398059e+04
2.111078230383973242e+00 6.958975417810241204e+00 3.919242790237961162e+04 4.658445723707426252e-12 3.919242790237960435e+04
2.112762804674457318e+00 6.983625240002337975e+00 3.920037459421605308e+04 4.200989749545799601e-12 3.920037459421604581e+04
2.114447378964941393e+00 7.010174450889481435e+00 3.920825459140336170e+04 3.788458027041786155e-12 3.920825459140336170e+04
2.116131953255425913e+00 7.036780510840419112e+00 3.921606827457195322e+04 3.416438550955998142e-12 3.921606827457195322e+04
2.117816527545909544e+00 7.064371190796284949e+00 3.922381602164758078e+04 3.080952642452027830e-12 3.922381602164758078e+04
2.119501101836394064e+00 7.091961870752164998e+00 3.923149820787589124e+04 2.778412387431538927e-12 3.923149820787589124e+04
2.121185676126878139e+00 7.118159506571710260e+00 3.923911520584688697e+04 2.505582255549576135e-12 3.923911520584688697e+04
2.122870250417362215e+00 7.144212057762096890e+00 3.924666738551895105e+04 2.259544489229157708e-12 3.924666738551895105e+04
2.124554824707846290e+00 7.170495675879696940e+00 3.925415511424272700e+04 2.037667892346030886e-12 3.925415511424272700e+04
2.126239398998330365e+00 7.196855976754723550e+00 3.926157875678460550e+04 1.837579684629823177e-12 3.926157875678460550e+04
2.127923973288814885e+00 7.222772186298113795e+00 3.926893867535000754e+04 1.657140120636027749e-12 3.926893867535000754e+04
2.129608547579298516e+00 7.248379846384561453e+00 3.927623522960653645e+04 1.494419601726635706e-12 3.927623522960653645e+04
2.131293121869783036e+00 7.275267627206597254e+00 3.928346877670651156e+04 1.347678036172918405e-12 3.928346877670651156e+04
2.132977696160267111e+00 7.303899256366557680e+00 3.929063967130969831e+04 1.215346226552815625e-12 3.929063967130969831e+04
2.134662270450751187e+00 7.332465048894407644e+00 3.929774826560541987e+04 1.096009085304529944e-12 3.929774826560541987e+04
2.136346844741235262e+00 7.360827663630409745e+00 3.930479490933463239e+04 9.883904988635132899e-13 3.930479490933463239e+04
2.138031419031719338e+00 7.389010281279977832e+00 3.931177994981168013e+04 8.913396784474470920e-13 3.931177994981168013e+04
2.139715993322203857e+00 7.414383137003034641e+00 3.931870373194579588e+04 8.038188514623594424e-13 3.931870373194579588e+04
2.141400567612687489e+00 7.439755992726078127e+00 3.932556659826243413e+04 7.248921618471124518e-13 3.932556659826243413e+04
2.143085141903172008e+00 7.468383329615186028e+00 3.933236888892420393e+04 6.537156606083522274e-13 3.933236888892420393e+04
2.144769716193656084e+00 7.497498085893619546e+00 3.933911094175191101e+04 5.895282794638929257e-13 3.933911094175191101e+04
2.146454290484140159e+00 7.527068424763432297e+00 3.934579309224485041e+04 5.316436910293552613e-13 3.934579309224485041e+04
2.148138864774624235e+00 7.556865800641920927e+00 3.935241567360142653e+04 4.794429684701179286e-13 3.935241567360142653e+04
2.149823439065108310e+00 7.584512169757360311e+00 3.935897901673915476e+04 4.323679660929341554e-13 3.935897901673915476e+04
2.151508013355592830e+00 7.609624586141106484e+00 3.936548345031459030e+04 3.899153500655974422e-13 3.936548345031459030e+04
2.153192587646076905e+00 7.635864174678916427e+00 3.937192930074311880e+04 3.516312154084764194e-13 3.937192930074311880e+04
2.154877161936560981e+00 7.665578777409605138e+00 3.937831689221831039e+04 3.171062316739614611e-13 3.937831689221831039e+04
2.156561736227045056e+00 7.695296669157992930e+00 3.938464654673133919e+04 2.859712653864799821e-13 3.938464654673133919e+04
2.158246310517529132e+00 7.725144024536600540e+00 3.939091858408992266e+04 2.578934324158898550e-13 3.939091858408992266e+04
2.159930884808013207e+00 7.754991379915208149e+00 3.939713332193726092e+04 2.325725380569427544e-13 3.939713332193726092e+04
2.161615459098497283e+00 7.784530431133983797e+00 3.940329107577069954e+04 2.097378667351113976e-13 3.940329107577069954e+04
2.163300033388981802e+00 7.813988885600631207e+00 3.940939215896010865e+04 1.891452869994122074e-13 3.940939215896010865e+04
2.164984607679465878e+00 7.842419469468957516e+00 3.941543688276629109e+04 1.705746408358357893e-13 3.941543688276629109e+04
2.166669181969949953e+00 7.870025248827199782e+00 3.942142555635886674e+04 1.538273893764247554e-13 3.942142555635886674e+04
2.168353756260434029e+00 7.898047013622996104e+00 3.942735848683430231e+04 1.387244898220950542e-13 3.942735848683430231e+04
2.170038330550918104e+00 7.926990740469896934e+00 3.943323597923349007e+04 1.251044808704749331e-13 3.943323597923349007e+04
2.171722904841402180e+00 7.955714955798810273e+00 3.943905833655928291e+04 1.128217561706366266e-13 3.943905833655928291e+04
2.173407479131886255e+00 7.980678443789623877e+00 3.944482585979381111e+04 1.017450073378906758e-13 3.944482585979381111e+04
2.175092053422370775e+00 8.005641931780445475e+00 3.945053884791557357e+04 9.175581987561573208e-14 3.945053884791557357e+04
2.176776627712854850e+00 8.034877992697383675e+00 3.945619759791643446e+04 8.274740698677012801e-14 3.945619759791643446e+04
2.178461202003338926e+00 8.065226275898073283e+00 3.946180240481833607e+04 7.462346773262571455e-14 3.946180240481833607e+04
2.180145776293823001e+00 8.096191759706485414e+00 3.946735356168990984e+04 6.729715732647903615e-14 3.946735356168990984e+04
2.181830350584307077e+00 8.127713838461529505e+00 3.947285135966289090e+04 6.069015854943519724e-14 3.947285135966289090e+04
2.183514924874791152e+00 8.157725786503178256e+00 3.947829608794837986e+04 5.473184435707739019e-14 3.947829608794837986e+04
2.185199499165275228e+00 8.183116809904317890e+00 3.948368803385286446e+04 4.935852272119750813e-14 3.948368803385286446e+04
2.186884073455759747e+00 8.208507833305464629e+00 3.948902748279419757e+04 4.451275563037067818e-14 3.948902748279419757e+04
2.188568647746243823e+00 8.235873161767351291e+00 3.949431471831727686e+04 4.014274496635869012e-14 3.949431471831727686e+04
2.190253222036727898e+00 8.263318902480905948e+00 3.949955002210968087e+04 3.620177868860212563e-14 3.949955002210968087e+04
2.191937796327211974e+00 8.294588608778255434e+00 3.950473367401699943e+04 3.264773140413415795e-14 3.950473367401699943e+04
2.193622370617696049e+00 8.327746155741508005e+00 3.950986595205815684e+04 2.944261398189194549e-14 3.950986595205815684e+04
2.195306944908180125e+00 8.358751864457424574e+00 3.951494713244052400e+04 2.655216739497537470e-14 3.951494713244052400e+04
2.196991519198664200e+00 8.386033795396167889e+00 3.951997748957481963e+04 2.394549644743017491e-14 3.951997748957481963e+04
2.198676093489148720e+00 8.413667890762274837e+00 3.952495729608990951e+04 2.159473946869949932e-14 3.952495729608990951e+04
2.200360667779632795e+00 8.447123467237304340e+00 3.952988682284744573e+04 1.947477044356707503e-14 3.952988682284744573e+04
2.202045242070116871e+00 8.480579043712332066e+00 3.953476633895638224e+04 1.756293039230122473e-14 3.953476633895638224e+04
2.203729816360600946e+00 8.511090564405529690e+00 3.953959611178730120e+04 1.583878512854847191e-14 3.953959611178730120e+04
2.205414390651085021e+00 8.540545967276282013e+00 3.954437640698658652e+04 1.428390680460745295e-14 3.954437640698658652e+04
2.207098964941569097e+00 8.570432032193949112e+00 3.954910748849048832e+04 1.288167690811776257e-14 3.954910748849048832e+04
2.208783539232053172e+00 8.600940438154331957e+00 3.955378961853905639e+04 1.161710860360673537e-14 3.955378961853905639e+04
2.210468113522537692e+00 8.631922943608042686e+00 3.955842305768989172e+04 1.047668651921174976e-14 3.955842305768989172e+04
2.212152687813021767e+00 8.668665319267768510e+00 3.956300806483174529e+04 9.448222265460540852e-15 3.956300806483174529e+04
2.213837262103505843e+00 8.705407694927494333e+00 3.956754489719809499e+04 8.520724141221513427e-15 3.956754489719809499e+04
2.215521836393989918e+00 8.735492148624938835e+00 3.957203381038038060e+04 7.684279633664215880e-15 3.957203381038038060e+04
2.217206410684473994e+00 8.763129610498685551e+00 3.957647505834132608e+04 6.929949455871837858e-15 3.957647505834132608e+04
2.218890984974958069e+00 8.791707180655983223e+00 3.958086889342801442e+04 6.249671989134545515e-15 3.958086889342801442e+04
2.220575559265442145e+00 8.821815343570492018e+00 3.958521556638478069e+04 5.636177108210505854e-15 3.958521556638478069e+04
2.222260133555926664e+00 8.851962564459332938e+00 3.958951532636613410e+04 5.082908468177903156e-15 3.958951532636613410e+04
2.223944707846410740e+00 8.883710154976569129e+00 3.959376842094939639e+04 4.583953421981885272e-15 3.959376842094939639e+04
2.225629282136894815e+00 8.915457745493805319e+00 3.959797509614729643e+04 4.133979819373613881e-15 3.959797509614729643e+04
2.227313856427378891e+00 8.942420324792507813e+00 3.960213559642045584e+04 3.728179011524943810e-15 3.960213559642045584e+04
2.228998430717862966e+00 8.966865600734687192e+00 3.960625016468964895e+04 3.362214451953706572e-15 3.960625016468964895e+04
2.230683005008347042e+00 8.993372943146676235e+00 3.961031904234807007e+04 3.032175344236341967e-15 3.961031904234807007e+04
2.232367579298831117e+00 9.025320738711078761e+00 3.961434246927338972e+04 2.734534840946375326e-15 3.961434246927338972e+04
2.234052153589315637e+00 9.057268534275488392e+00 3.961832068383972364e+04 2.466112346921346194e-15 3.961832068383972364e+04
2.235736727879799712e+00 9.086355720351418697e+00 3.962225392292955803e+04 2.224039523844949303e-15 3.962225392292955803e+04
2.237421302170283788e+00 9.115105254793821388e+00 3.962614242194531835e+04 2.005729632705118845e-15 3.962614242194531835e+04
2.239105876460767863e+00 9.145328917996524254e+00 3.962998641482117091e+04 1.808849886379340074e-15 3.962998641482117091e+04
2.240790450751251939e+00 9.177049321373530688e+00 3.963378613403443160e+04 1.631296516780310893e-15 3.963378613403443160e+04
2.242475025041736014e+00 9.208652796696101817e+00 3.963754181061697454e+04 1.471172290019364546e-15 3.963754181061697454e+04
2.244159599332220090e+00 9.239179599439749424e+00 3.964125367416651716e+04 1.326766229218196787e-15 3.964125367416651716e+04
2.245844173622704609e+00 9.269706402183402361e+00 3.964492195285780326e+04 1.196535328202120094e-15 3.964492195285780326e+04
2.247528747913188685e+00 9.297565461438802359e+00 3.964854687345371349e+04 1.079088060593863465e-15 3.964854687345371349e+04
2.249213322203672760e+00 9.324180168201849028e+00 3.965212866131612100e+04 9.731695080208372131e-16 3.965212866131612100e+04
2.250897896494156836e+00 9.351863362083346232e+00 3.965566754041685635e+04 8.776479484603445216e-16 3.965566754041685635e+04
2.252582470784640911e+00 9.382496733767720087e+00 3.965916373334837408e+04 7.915027613560360587e-16 3.965916373334837408e+04
2.254267045075125431e+00 9.413130105452102825e+00 3.966261746133449196e+04 7.138135202172215416e-16 3.966261746133449196e+04
2.255951619365609062e+00 9.446845115761837164e+00 3.966602894424084661e+04 6.437501561073550450e-16 3.966602894424084661e+04
2.257636193656093582e+00 9.481182238498920611e+00 3.966939840058536356e+04 5.805640868760431352e-16 3.966939840058536356e+04
2.259320767946577657e+00 9.510927087969932359e+00 3.967272604754864733e+04 5.235802173142603138e-16 3.967272604754864733e+04
2.261005342237061733e+00 9.533731123119327577e+00 3.967601210098419688e+04 4.721897247212625441e-16 3.967601210098419688e+04
2.262689916527545808e+00 9.556535158268724572e+00 3.967925677542854100e+04 4.258435527695152993e-16 3.967925677542854100e+04
2.264374490818029884e+00 9.592123075379811681e+00 3.968246028411133739e+04 3.840465441245210132e-16 3.968246028411133739e+04
2.266059065108514403e+00 9.628349062617228782e+00 3.968562283896524605e+04 3.463521491053017735e-16 3.968562283896524605e+04
2.267743639398998035e+00 9.660177028249464115e+00 3.968874465063595562e+04 3.123576538288612313e-16 3.968874465063595562e+04
2.269428213689482554e+00 9.687515726649577275e+00 3.969182592849172215e+04 2.816998768348912494e-16 3.969182592849172215e+04
2.271112787979966630e+00 9.714798397686084996e+00 3.969486688063328620e+04 2.540512881953725767e-16 3.969486688063328620e+04
2.272797362270450705e+00 9.740349146323003637e+00 3.969786771390331705e+04 2.291165096290514722e-16 3.969786771390331705e+04
2.274481936560934781e+00 9.765899894959922278e+00 3.970082863389595877e+04 2.066291582142226294e-16 3.970082863389595877e+04
2.276166510851418856e+00 9.793815030629390961e+00 3.970374984496622346e+04 1.863489999655058918e-16 3.970374984496622346e+04
2.277851085141903376e+00 9.823618784559050354e+00 3.970663155023934087e+04 1.680593828526742218e-16 3.970663155023934087e+04
2.279535659432387007e+00 9.853255371108343041e+00 3.970947395161999157e+04 1.515649218265359042e-16 3.970947395161999157e+04
2.281220233722871527e+00 9.880818100502116508e+00 3.971227724980140192e+04 1.366894111103590138e-16 3.971227724980140192e+04
2.282904808013355602e+00 9.908380829895882869e+00 3.971504164427451906e+04 1.232739414447965884e-16 3.971504164427451906e+04
2.284589382303839677e+00 9.937959815646955519e+00 3.971776733333688753e+04 1.111752021645327487e-16 3.971776733333688753e+04
2.286273956594323753e+00 9.968990581587053867e+00 3.972045451410161331e+04 1.002639499608067574e-16 3.972045451410161331e+04
2.287958530884807828e+00 9.999454171700492111e+00 3.972310338250613859e+04 9.042362796530615189e-17 3.972310338250613859e+04
2.289643105175292348e+00 1.002358792101430929e+01 3.972571413332099473e+04 8.154912039768809022e-17 3.972571413332099473e+04
2.291327679465775979e+00 1.004772167032811403e+01 3.972828696015852620e+04 7.354562946790285953e-17 3.972828696015852620e+04
2.293012253756260499e+00 1.007670547644474901e+01 3.973082205548130150e+04 6.632766253106291357e-17 3.973082205548130150e+04
2.294696828046744574e+00 1.010933000165239903e+01 3.973331961061079346e+04 5.981811867111516401e-17 3.973331961061079346e+04
2.296381402337228650e+00 1.014165378609160584e+01 3.973577981573570287e+04 5.394746495202331693e-17 3.973577981573570287e+04
2.298065976627712725e+00 1.016805465502757855e+01 3.973820285992029676e+04 4.865299353370750029e-17 3.973820285992029676e+04
2.299750550918196801e+00 1.019445552396355126e+01 3.974058893111271027e+04 4.387815171407588579e-17 3.974058893111271027e+04
2.301435125208681320e+00 1.022060742545268219e+01 3.974293821615311754e+04 3.957193773793719141e-17 3.974293821615311754e+04
2.303119699499164952e+00 1.024652904392715058e+01 3.974525090078192443e+04 3.568835591643086314e-17 3.974525090078192443e+04
2.304804273789649471e+00 1.027245066240163140e+01 3.974752716964766296e+04 3.218592523444665612e-17 3.974752716964766296e+04
2.306488848080133547e+00 1.029577915573373303e+01 3.974976720631508942e+04 2.902723619518811266e-17 3.974976720631508942e+04
2.308173422370617622e+00 1.031906743363943235e+01 3.975197119327307882e+04 2.617855116644567081e-17 3.975197119327307882e+04
2.309857996661101698e+00 1.034582304869227620e+01 3.975413931194235920e+04 2.360944395812504468e-17 3.975413931194235920e+04
2.311542570951585773e+00 1.037702597895670031e+01 3.975627174268340605e+04 2.129247477976640530e-17 3.975627174268340605e+04
2.313227145242070293e+00 1.040822890922113153e+01 3.975836866480400931e+04 1.920289710489977537e-17 3.975836866480400931e+04
2.314911719532554368e+00 1.042836776829032175e+01 3.976043025656699319e+04 1.731839331004683415e-17 3.976043025656699319e+04
2.316596293823038444e+00 1.044699190110078568e+01 3.976245669519767398e+04 1.561883626366375658e-17 3.976245669519767398e+04
2.318280868113522519e+00 1.047028775944001389e+01 3.976444815689144161e+04 1.408607431763886607e-17 3.976444815689144161e+04
2.319965442404006595e+00 1.050402103123141728e+01 3.976640481682110840e+04 1.270373740402126643e-17 3.976640481682110840e+04
2.321650016694490670e+00 1.053775430302281890e+01 3.976832684914430865e+04 1.145706216519362626e-17 3.976832684914430865e+04
2.323334590984974746e+00 1.056311512820367682e+01 3.977021442701075284e+04 1.033273424908800703e-17 3.977021442701075284e+04
2.325019165275459265e+00 1.058542436686976451e+01 3.977206772256943805e+04 9.318746084459446970e-18 3.977206772256943805e+04
2.326703739565943341e+00 1.060848250763963385e+01 3.977388690697590937e+04 8.404268616648734175e-18 3.977388690697590937e+04
2.328388313856427416e+00 1.063576369943979394e+01 3.977567215039923030e+04 7.579535633431122079e-18 3.977567215039923030e+04
2.330072888146911492e+00 1.066304489123995225e+01 3.977742362202907680e+04 6.835739445088083152e-18 3.977742362202907680e+04
2.331757462437395567e+00 1.068497987178455055e+01 3.977914149008272216e+04 6.164936804148487588e-18 3.977914149008272216e+04
2.333442036727879643e+00 1.070255060020691040e+01 3.978082592181190557e+04 5.559964059664392480e-18 3.978082592181190557e+04
2.335126611018363718e+00 1.072012132862926848e+01 3.978247708350975154e+04 5.014360639553429283e-18 3.978247708350975154e+04
2.336811185308848238e+00 1.074700314416688585e+01 3.978409514051747101e+04 4.522300043524910685e-18 3.978409514051747101e+04
2.338495759599332313e+00 1.077443144095893324e+01 3.978568025723116443e+04 4.078527609354377702e-18 3.978568025723116443e+04
2.340180333889816389e+00 1.080117414646467289e+01 3.978723259710848652e+04 3.678304387639747155e-18 3.978723259710848652e+04
2.341864908180300464e+00 1.082654129815076871e+01 3.978875232267524552e+04 3.317356525441680761e-18 3.978875232267524552e+04
2.343549482470784540e+00 1.085190844983686453e+01 3.979023959553193708e+04 2.991829618065646211e-18 3.979023959553193708e+04
2.345234056761268615e+00 1.087756477811958433e+01 3.979169457636030711e+04 2.698247541325766907e-18 3.979169457636030711e+04
2.346918631051752691e+00 1.090334334543710781e+01 3.979311742492976191e+04 2.433475324499627090e-18 3.979311742492976191e+04
2.348603205342237210e+00 1.092831738207492442e+01 3.979450830010374921e+04 2.194685667354272345e-18 3.979450830010374921e+04
2.350287779632721286e+00 1.094309568207982863e+01 3.979586411654220137e+04 1.979328743556134768e-18 3.979586411654220137e+04
2.351972353923205361e+00 1.095787398208473284e+01 3.979718477966609498e+04 1.785104967887546876e-18 3.979718477966609498e+04
2.353656928213689437e+00 1.097552753468619180e+01 3.979847017387884989e+04 1.609940436358577396e-18 3.979847017387884989e+04
2.355341502504173512e+00 1.099706184806916553e+01 3.979972016096413427e+04 1.451964776856877685e-18 3.979972016096413427e+04
2.357026076794657587e+00 1.101859616145214105e+01 3.980093457835518348e+04 1.309491173731889684e-18 3.980093457835518348e+04
2.358710651085141663e+00 1.104096825063162335e+01 3.980211323726525006e+04 1.180998352934299322e-18 3.980211323726525006e+04
2.360395225375626183e+00 1.106358763254997868e+01 3.980325592066840909e+04 1.065114335276287746e-18 3.980325592066840909e+04
2.362079799666110258e+00 1.108629729426639088e+01 3.980436238111825514e+04 9.606017842675330382e-19 3.980436238111825514e+04
2.363764373956594333e+00 1.110976252328811320e+01 3.980543233839218010e+04 8.663447920156688525e-19 3.980543233839218010e+04
2.365448948247078409e+00 1.113322775230983552e+01 3.980646547694681067e+04 7.813369620437626191e-19 3.980646547694681067e+04
2.367133522537562484e+00 1.115146937518255754e+01 3.980746144316997379e+04 7.046706617306482327e-19 3.980746144316997379e+04
2.368818096828046560e+00 1.116277250535402743e+01 3.980841984241272439e+04 6.355273295753746801e-19 3.980841984241272439e+04
2.370502671118530635e+00 1.117407563552549732e+01 3.980934023578400229e+04 5.731687337547470259e-19 3.980934023578400229e+04
2.372187245409015155e+00 1.119002261671437637e+01 3.981022213668908080e+04 5.169290886050260845e-19 3.981022213668908080e+04
2.373871819699499230e+00 1.120759789828140818e+01 3.981106500709154352e+04 4.662079448235728379e-19 3.981106500709154352e+04
2.375556393989983306e+00 1.122522341550759961e+01 3.981186825347655395e+04 4.204637774507401547e-19 3.981186825347655395e+04
2.377240968280467381e+00 1.124390645044508297e+01 3.981263122249214211e+04 3.792082031466240419e-19 3.981263122249214211e+04
2.378925542570951457e+00 1.126258948538256455e+01 3.981335319624256226e+04 3.420007649987132230e-19 3.981335319624256226e+04
2.380610116861435532e+00 1.128346547095231145e+01 3.981403338720675674e+04 3.084442291591305919e-19 3.981403338720675674e+04
2.382294691151919608e+00 1.130862820944760472e+01 3.981467093275177467e+04 2.781803430771350202e-19 3.981467093275177467e+04
2.383979265442404127e+00 1.133379094794290509e+01 3.981526488920980046e+04 2.508860100231719514e-19 3.981526488920980046e+04
2.385663839732888203e+00 1.135123328437581236e+01 3.981581422548409319e+04 2.262698390473478372e-19 3.981581422548409319e+04
2.387348414023372278e+00 1.136393664772305456e+01 3.981631781614718057e+04 2.040690335252324507e-19 3.981631781614718057e+04
2.389032988313856354e+00 1.137664001107029499e+01 3.981677443399176991e+04 1.840465850606181869e-19 3.981677443399176991e+04
2.390717562604340429e+00 1.138947691540366591e+01 3.981718274199160078e+04 1.659887427761767785e-19 3.981718274199160078e+04
2.392402136894824505e+00 1.140232949956025266e+01 3.981754128462696099e+04 1.497027309644962558e-19 3.981754128462696099e+04
2.394086711185308580e+00 1.141528048680984675e+01 3.981784847852571693e+04 1.350146907246634045e-19 3.981784847852571693e+04
2.395771285475793100e+00 1.142875459465840926e+01 3.981810260236784961e+04 1.217678236018576470e-19 3.981810260236784961e+04
2.397455859766277175e+00 1.144222870250696822e+01 3.981830178599767532e+04 1.098207174049767314e-19 3.981830178599767532e+04
2.399140434056761251e+00 1.145308878358914839e+01 3.981844399868426990e+04 9.904583632301135136e-20 3.981844399868426990e+04
2.400825008347245326e+00 1.146018498721621093e+01 3.981852703646702139e+04 8.932815921576449038e-20 3.981852703646702139e+04
2.402509582637729402e+00 1.146728119084327346e+01 3.981854850851940864e+04 8.056395153694634881e-20 3.981854850851940864e+04
2.404194156928213921e+00 1.148309721620400303e+01 3.981850582246029808e+04 7.265965777495398695e-20 3.981850582246029808e+04
2.405878731218697553e+00 1.150361853932841605e+01 3.981839616853862390e+04 6.553090258379223678e-20 3.981839616853862390e+04
2.407563305509182072e+00 1.152413986245284150e+01 3.981821650261362811e+04 5.910158993732127041e-20 3.981821650261362811e+04
2.409247879799666148e+00 1.154528472389243632e+01 3.981796352785023919e+04 5.330309068703351079e-20 3.981796352785023919e+04
2.410932454090150223e+00 1.156651679265064381e+01 3.981763367504638882e+04 4.807350984749548482e-20 3.981763367504638882e+04
2.412617028380634299e+00 1.158713271583962445e+01 3.981722308150781464e+04 4.335702578524274781e-20 3.981722308150781464e+04
2.414301602671118374e+00 1.160215061320267615e+01 3.981672756838519126e+04 3.910329425467545593e-20 3.981672756838519126e+04
2.415986176961602894e+00 1.161716851056573319e+01 3.981614261638990138e+04 3.526691091709307088e-20 3.981614261638990138e+04
2.417670751252086525e+00 1.162751714406370063e+01 3.981546333980800409e+04 3.180692660355034310e-20 3.981546333980800409e+04
2.419355325542571045e+00 1.162743047503141014e+01 3.981468445873761812e+04 2.868641014545937346e-20 3.981468445873761812e+04
2.421039899833055120e+00 1.162734380599911788e+01 3.981380026948560408e+04 2.587205410489470625e-20 3.981380026948560408e+04
2.422724474123539196e+00 1.163506812750993902e+01 3.981280461307248333e+04 2.333381919460177104e-20 3.981280461307248333e+04
2.424409048414023271e+00 1.165056298251179001e+01 3.981169084181580547e+04 2.104461359095070274e-20 3.981169084181580547e+04
2.426093622704507347e+00 1.166605783751364100e+01 3.981045178398977441e+04 1.898000371563842501e-20 3.981045178398977441e+04
2.427778196994991866e+00 1.167073985045280615e+01 3.980907970659547573e+04 1.711795339800531561e-20 3.980907970659547573e+04
2.429462771285475498e+00 1.167064227042532387e+01 3.980756627632617165e+04 1.543858863289422574e-20 3.980756627632617165e+04
2.431147345575960017e+00 1.167054469039784159e+01 3.980590251887474005e+04 1.392398542228864419e-20 3.980590251887474005e+04
2.432831919866444093e+00 1.168987599129798838e+01 3.980407877681261743e+04 1.255797843548882176e-20 3.980407877681261743e+04
2.434516494156928168e+00 1.171216636430049363e+01 3.980208466637237143e+04 1.132598844484896656e-20 3.980208466637237143e+04
2.436201068447412244e+00 1.173378078773664157e+01 3.979990903359618824e+04 1.021486669462561161e-20 3.979990903359618824e+04
2.437885642737896319e+00 1.173377388485059392e+01 3.979753991047292220e+04 9.212754541272518660e-21 3.979753991047292220e+04
2.439570217028380839e+00 1.173376698196454448e+01 3.979496447188421735e+04 8.308956866594284954e-21 3.979496447188421735e+04
2.441254791318864470e+00 1.173685304406643581e+01 3.979216899441929127e+04 7.493827912234094590e-21 3.979216899441929127e+04
2.442939365609348989e+00 1.175339783427931906e+01 3.978913881840488466e+04 6.758668316594058763e-21 3.978913881840488466e+04
2.444623939899833065e+00 1.176994262449219697e+01 3.978585831483482616e+04 6.095632254917415795e-21 3.978585831483482616e+04
2.446308514190317140e+00 1.178373668900786875e+01 3.978231085927449749e+04 5.497643691115125967e-21 3.978231085927449749e+04
2.447993088480801216e+00 1.179183356324795184e+01 3.977847881525864796e+04 4.958320847230155775e-21 3.977847881525864796e+04
2.449677662771285291e+00 1.179993043748803494e+01 3.977434353018711408e+04 4.471908084159474359e-21 3.977434353018711408e+04
2.451362237061769811e+00 1.180748562358959397e+01 3.976988534723850171e+04 4.033214466391969834e-21 3.976988534723850171e+04
2.453046811352253442e+00 1.181440084784576072e+01 3.976508363733650185e+04 3.637558354883683223e-21 3.976508363733650185e+04
2.454731385642737962e+00 1.182131607210192925e+01 3.975991685567700915e+04 3.280717436551534795e-21 3.975991685567700915e+04
2.456415959933222037e+00 1.183387915791580269e+01 3.975436262769220775e+04 2.958883656918577578e-21 3.975436262769220775e+04
2.458100534223706113e+00 1.185064390289130820e+01 3.974839786950749112e+04 2.668622574784111647e-21 3.974839786950749112e+04
2.459785108514190188e+00 1.186740864786681549e+01 3.974199894783386117e+04 2.406836705013124304e-21 3.974199894783386117e+04
2.461469682804674264e+00 1.187851083911575856e+01 3.973514188370484044e+04 2.170732458112168438e-21 3.973514188370484044e+04
2.463154257095158783e+00 1.188697851955532059e+01 3.972780260338280641e+04 1.957790323662667291e-21 3.972780260338280641e+04
2.464838831385642859e+00 1.189544619999487907e+01 3.971995723799982079e+04 1.765737979314004542e-21 3.971995723799982079e+04
2.466523405676126934e+00 1.190995693485138496e+01 3.971158247097671119e+04 1.592526038271711645e-21 3.971158247097671119e+04
2.468207979966611010e+00 1.192617543766960431e+01 3.970265592897229362e+04 1.436306176386557736e-21 3.970265592897229362e+04
2.469892554257095085e+00 1.194239394048782366e+01 3.969315660815565207e+04 1.295411405353100110e-21 3.969315660815565207e+04
2.471577128547579161e+00 1.194496370163779453e+01 3.968306532322819112e+04 1.168338281438657924e-21 3.968306532322819112e+04
2.473261702838063236e+00 1.194540300683477874e+01 3.967236516227557149e+04 1.053730859826729479e-21 3.967236516227557149e+04
2.474946277128547756e+00 1.194584231203176294e+01 3.966104192677922401e+04 9.503662232942242285e-22 3.966104192677922401e+04
2.476630851419031387e+00 1.195442804491359468e+01 3.964908453362655564e+04 8.571414307491654851e-22 3.964908453362655564e+04
2.478315425709515907e+00 1.196354828145679861e+01 3.963648535535576229e+04 7.730617463121522765e-22 3.963648535535576229e+04
2.479999999999999982e+00 1.197266851800000076e+01 3.962324047660895303e+04 6.972300232967650803e-22 3.962324047660895303e+04
