2.246379999999999821e+00 1.621469000000000165e-03 1.332524222495147512e+02 1.332524222495147512e+02 0.000000000000000000e+00
2.248106277128547603e+00 1.218535559154647254e-03 1.457878759354452143e+02 1.457878759354452143e+02 0.000000000000000000e+00
2.249832554257094941e+00 8.156021183093981010e-04 1.595026693490081016e+02 1.595026693490081016e+02 0.000000000000000000e+00
2.251558831385642723e+00 9.953415463781352911e-04 1.745077632615377183e+02 1.745077632615377183e+02 0.000000000000000000e+00
2.253285108514190060e+00 1.499538675658546386e-03 1.909245590489072981e+02 1.909245590489072981e+02 0.000000000000000000e+00
2.255011385642737842e+00 2.267027547562940320e-03 2.088858810928819594e+02 2.088858810928819594e+02 0.000000000000000000e+00
2.256737662771285180e+00 3.756332299026637032e-03 2.285370516095094331e+02 2.285370516095094331e+02 0.000000000000000000e+00
2.258463939899832962e+00 5.245637050490716685e-03 2.500370665954828553e+02 2.500370665954828553e+02 0.000000000000000000e+00
2.260190217028380300e+00 6.264610914331168387e-03 2.735598823985976651e+02 2.735598823985976651e+02 0.000000000000000000e+00
2.261916494156928081e+00 7.226768231899315456e-03 2.992958233102010581e+02 2.992958233102010581e+02 0.000000000000000000e+00
2.263642771285475419e+00 7.805938922277805454e-03 3.274531215515279996e+02 3.274531215515279996e+02 0.000000000000000000e+00
2.265369048414023201e+00 8.010576983587740924e-03 3.582596020908995342e+02 3.582596020908995342e+02 0.000000000000000000e+00
2.267095325542570983e+00 8.153579858660050389e-03 3.919645258915103341e+02 3.919645258915103341e+02 0.000000000000000000e+00
2.268821602671118320e+00 7.784096237443987980e-03 4.288406064602334027e+02 4.288406064602334027e+02 0.000000000000000000e+00
2.270547879799666102e+00 7.414612616227830161e-03 4.691862159544850215e+02 4.691862159544850215e+02 0.000000000000000000e+00
2.272274156928213440e+00 7.553251543615823772e-03 5.133277986175498881e+02 5.133277986175498881e+02 0.000000000000000000e+00
2.274000434056761222e+00 7.906211878178246930e-03 5.616225109637322248e+02 5.616225109637322248e+02 0.000000000000000000e+00
2.275726711185308559e+00 8.622029045981407722e-03 6.144611099332564663e+02 6.144611099332564663e+02 0.000000000000000000e+00
2.277452988313856341e+00 1.023606718730171727e-02 6.722711121969709893e+02 6.722711121969709893e+02 0.000000000000000000e+00
2.279179265442403679e+00 1.185010532862161049e-02 7.355202499222488086e+02 7.355202499222488086e+02 0.000000000000000000e+00
2.280905542570951461e+00 1.400615315114469434e-02 8.047202506295614057e+02 8.047202506295614057e+02 0.000000000000000000e+00
2.282631819699498799e+00 1.624582304263020097e-02 8.804309712833664889e+02 8.804309712833664889e+02 0.000000000000000000e+00
2.284358096828046580e+00 1.849837175186264462e-02 9.632649194870700740e+02 9.632649194870700740e+02 0.000000000000000000e+00
2.286084373956594362e+00 2.076776026757593333e-02 1.053892197597449467e+03 1.053892197597449467e+03 0.000000000000000000e+00
2.287810651085141700e+00 2.303714878328863569e-02 1.153045908753077583e+03 1.153045908753077583e+03 0.000000000000000000e+00
2.289536928213689482e+00 2.620374582505508379e-02 1.261528067227913652e+03 1.261528067227913652e+03 0.000000000000000000e+00
2.291263205342236819e+00 2.937522829304489019e-02 1.380216059181007040e+03 1.380216059181007040e+03 0.000000000000000000e+00
2.292989482470784601e+00 3.370498264902240665e-02 1.510069703775364815e+03 1.510069703775364815e+03 0.000000000000000000e+00
2.294715759599331939e+00 3.900476269685057562e-02 1.652138968770141446e+03 1.652138968770141446e+03 0.000000000000000000e+00
2.296442036727879721e+00 4.443028077027406930e-02 1.807572399036164143e+03 1.807572399036164143e+03 0.000000000000000000e+00
2.298168313856427059e+00 5.125824779489171479e-02 1.977626320962596083e+03 1.977626320962596083e+03 0.000000000000000000e+00
2.299894590984974840e+00 5.808621481951112275e-02 2.163674890364818566e+03 2.163674890364818566e+03 0.000000000000000000e+00
2.301620868113522178e+00 6.711552289794286974e-02 2.367221056177735591e+03 2.367221056177735591e+03 0.000000000000000000e+00
2.303347145242069960e+00 7.752557959506224672e-02 2.589908516814060022e+03 2.589908516814060022e+03 0.000000000000000000e+00
2.305073422370617742e+00 8.868850968119065814e-02 2.833534750402584450e+03 2.833534750402584450e+03 0.000000000000000000e+00
2.306799699499165079e+00 1.044377145791881428e-01 3.100065203971897972e+03 3.100065203971897972e+03 0.000000000000000000e+00
2.308525976627712861e+00 1.201869194771896798e-01 3.391648729676465337e+03 3.391648729676465337e+03 0.000000000000000000e+00
2.310252253756260199e+00 1.394577699791850200e-01 3.710634357940636619e+03 3.710634357940636619e+03 0.000000000000000000e+00
2.311978530884807981e+00 1.605762096687870788e-01 4.059589497331729945e+03 4.059589497331729945e+03 0.000000000000000000e+00
2.313704808013355319e+00 1.829238365137599021e-01 4.441319648264661737e+03 4.441319648264661737e+03 0.000000000000000000e+00
2.315431085141903100e+00 2.117637310733336831e-01 4.858889711249712491e+03 4.858889711249712491e+03 0.000000000000000000e+00
2.317157362270450438e+00 2.406036256329000533e-01 5.315646958907892440e+03 5.315646958907892440e+03 0.000000000000000000e+00
2.318883639398998220e+00 2.778065217359747541e-01 5.815245722577476954e+03 5.815245722577476954e+03 0.000000000000000000e+00
2.320609916527545558e+00 3.194947182538211417e-01 6.361673816581153915e+03 6.361673816581153915e+03 0.000000000000000000e+00
2.322336193656093339e+00 3.633856344969321750e-01 6.959280682983189763e+03 6.959280682983189763e+03 0.000000000000000000e+00
2.324062470784641121e+00 4.211729284469465928e-01 7.612807182795138942e+03 7.612807182795138942e+03 0.000000000000000000e+00
2.325788747913188459e+00 4.789602223969461336e-01 8.327416880778886480e+03 8.327416880778886480e+03 0.000000000000000000e+00
2.327515025041736241e+00 5.492319188727806667e-01 9.108728563328286327e+03 9.108728563328286327e+03 0.000000000000000000e+00
2.329241302170283578e+00 6.272549234392799100e-01 9.962849583553872435e+03 9.962849583553872435e+03 0.000000000000000000e+00
2.330967579298831360e+00 7.074321505383566189e-01 1.089640943336697455e+04 1.089640943336697455e+04 0.000000000000000000e+00
2.332693856427378698e+00 8.124852760558165521e-01 1.191659268475034696e+04 1.191659268475034696e+04 0.000000000000000000e+00
2.334420133555926480e+00 9.175384015733036858e-01 1.303117010364626731e+04 1.303117010364626731e+04 0.000000000000000000e+00
2.336146410684473818e+00 1.040226409257809292e+00 1.424852629775599598e+04 1.424852629775599598e+04 0.000000000000000000e+00
2.337872687813021599e+00 1.178140440051771209e+00 1.557768168703605079e+04 1.557768168703605079e+04 0.000000000000000000e+00
2.339598964941568937e+00 1.316054470845697599e+00 1.702830585042018356e+04 1.702830585042018356e+04 0.000000000000000000e+00
2.341325242070116719e+00 1.492731245849977961e+00 1.861071836685577364e+04 1.861071836685577364e+04 0.000000000000000000e+00
2.343051519198664501e+00 1.669886179705545537e+00 2.033587209128143149e+04 2.033587209128143149e+04 0.000000000000000000e+00
2.344777796327211838e+00 1.869378967504940814e+00 2.221531234323164244e+04 2.221531234323164244e+04 0.000000000000000000e+00
2.346504073455759620e+00 2.099517579516574806e+00 2.426110369697691931e+04 2.426110369697691931e+04 0.000000000000000000e+00
2.348230350584306958e+00 2.329656191528149733e+00 2.648571391953209968e+04 2.648571391953209968e+04 0.000000000000000000e+00
2.349956627712854740e+00 2.614335705978406033e+00 2.890184210592974705e+04 2.890184210592974705e+04 0.000000000000000000e+00
2.351682904841402078e+00 2.908236301887801467e+00 3.152217526060017553e+04 3.152217526060017553e+04 0.000000000000000000e+00
2.353409181969949859e+00 3.222039505845532226e+00 3.435905460800718720e+04 3.435905460800718720e+04 0.000000000000000000e+00
2.355135459098497197e+00 3.589168442297959505e+00 3.742403006256312074e+04 3.742403006256312074e+04 0.000000000000000000e+00
2.356861736227044979e+00 3.956297378750481375e+00 4.072727903514172067e+04 4.072727903514172067e+04 0.000000000000000000e+00
2.358588013355592317e+00 4.378415206164351758e+00 4.427686488700723567e+04 4.427686488700723567e+04 0.000000000000000000e+00
2.360314290484140098e+00 4.826125626978058136e+00 4.807781204485108901e+04 4.807781204485108901e+04 0.000000000000000000e+00
2.362040567612687436e+00 5.280568796404007337e+00 5.213098073029630177e+04 5.213098073029630177e+04 0.000000000000000000e+00
2.363766844741235218e+00 5.810962487706264668e+00 5.643173661778886162e+04 5.643173661778886162e+04 0.000000000000000000e+00
2.365493121869783000e+00 6.341356179008521110e+00 6.096843211301910924e+04 6.096843211301910924e+04 0.000000000000000000e+00
2.367219398998330337e+00 6.896369943093313637e+00 6.572074899256481149e+04 6.572074899256481149e+04 0.000000000000000000e+00
2.368945676126878119e+00 7.479273050191226346e+00 7.065799880697271146e+04 7.065799880697271146e+04 0.000000000000000000e+00
2.370671953255425457e+00 8.062176157288988065e+00 7.573753764208717621e+04 7.573753764208717621e+04 0.000000000000000000e+00
2.372398230383973239e+00 8.613527762100968488e+00 8.090352155400255288e+04 8.090352155400255288e+04 0.000000000000000000e+00
2.374124507512520577e+00 9.159079681508407234e+00 8.608629810094340064e+04 8.608629810094340064e+04 0.000000000000000000e+00
2.375850784641068358e+00 9.665720164226643263e+00 9.120277985532721505e+04 9.120277985532721505e+04 0.000000000000000000e+00
2.377577061769615696e+00 1.003011052580311357e+01 9.615815180486567260e+04 9.615815180486567260e+04 0.000000000000000000e+00
2.379303338898163478e+00 1.039450088737967981e+01 1.008491965698272543e+05 1.008491965698272543e+05 0.000000000000000000e+00
2.381029616026710816e+00 1.062967174448475127e+01 1.051693553237954911e+05 1.051693553237954911e+05 0.000000000000000000e+00
2.382755893155258597e+00 1.076865278657737157e+01 1.090153738475420687e+05 1.090153738475420687e+05 0.000000000000000000e+00
2.384482170283806379e+00 1.090763382866999365e+01 1.122950423226010898e+05 1.122950423226010898e+05 0.000000000000000000e+00
2.386208447412353717e+00 1.095704906147804891e+01 1.149351955763955484e+05 1.149351955763955484e+05 0.000000000000000000e+00
2.387934724540901499e+00 1.099869266144619395e+01 1.168888994729712431e+05 1.168888994729712431e+05 0.000000000000000000e+00
2.389661001669448837e+00 1.103884951277602156e+01 1.181407097993623029e+05 1.181407097993623029e+05 0.000000000000000000e+00
2.391387278797996618e+00 1.107480235737879326e+01 1.187091076515547902e+05 1.187091076515547902e+05 0.000000000000000000e+00
2.393113555926543956e+00 1.111075520198155786e+01 1.186456643362540781e+05 1.186456643362540781e+05 0.000000000000000000e+00
2.394839833055091738e+00 1.112691203979782806e+01 1.180310590983649163e+05 1.180310590983649163e+05 0.000000000000000000e+00
2.396566110183639076e+00 1.112935607275589511e+01 1.169686069588169776e+05 1.169686069588169776e+05 0.000000000000000000e+00
2.398292387312186857e+00 1.113180010571396572e+01 1.155763080112822936e+05 1.155763080112822936e+05 0.000000000000000000e+00
2.400018664440734195e+00 1.114204506454809440e+01 1.139785283965051494e+05 1.139785283965051494e+05 0.000000000000000000e+00
2.401744941569281977e+00 1.115307382701978511e+01 1.122982798572043539e+05 1.122982798572043539e+05 0.000000000000000000e+00
2.403471218697829759e+00 1.116345451921866960e+01 1.106507609287458326e+05 1.106507609287458326e+05 0.000000000000000000e+00
2.405197495826377097e+00 1.117146956256420154e+01 1.091384661702948652e+05 1.091384661702948652e+05 0.000000000000000000e+00
2.406923772954924878e+00 1.117948460590973525e+01 1.078478531487220898e+05 1.078478531487220898e+05 0.000000000000000000e+00
2.408650050083472216e+00 1.118941481337353672e+01 1.068473350938395015e+05 1.068473350938395015e+05 0.000000000000000000e+00
2.410376327212019998e+00 1.120118657929302053e+01 1.061862554410458833e+05 1.061862554410458833e+05 0.000000000000000000e+00
2.412102604340567336e+00 1.121295834521249901e+01 1.058944859350064216e+05 1.058944859350064216e+05 0.000000000000000000e+00
2.413828881469115117e+00 1.122627282183014152e+01 1.059823468112049013e+05 1.059823468112049013e+05 0.000000000000000000e+00
2.415555158597662455e+00 1.123997596927431886e+01 1.064406491206873179e+05 1.064406491206873179e+05 0.000000000000000000e+00
2.417281435726210237e+00 1.125025517277702747e+01 1.072407838756637939e+05 1.072407838756637939e+05 0.000000000000000000e+00
2.419007712854757575e+00 1.121898823266573864e+01 1.083349142556198931e+05 1.083349142556198931e+05 0.000000000000000000e+00
2.420733989983305356e+00 1.118772129255444270e+01 1.096564520313173998e+05 1.096564520313173998e+05 0.000000000000000000e+00
2.422460267111853138e+00 1.116211983651666984e+01 1.111211023227872211e+05 1.111211023227872211e+05 0.000000000000000000e+00
2.424186544240400476e+00 1.114770754037621359e+01 1.126288215206213790e+05 1.126288215206213790e+05 0.000000000000000000e+00
2.425912821368948258e+00 1.113329524423575378e+01 1.140670263647038373e+05 1.140670263647038373e+05 0.000000000000000000e+00
2.427639098497495596e+00 1.113519174461653272e+01 1.153152925961867295e+05 1.153152925961867295e+05 0.000000000000000000e+00
2.429365375626043377e+00 1.114813689044811618e+01 1.162515752008966519e+05 1.162515752008966519e+05 0.000000000000000000e+00
2.431091652754590715e+00 1.116108203627969786e+01 1.167596807990700472e+05 1.167596807990700472e+05 0.000000000000000000e+00
2.432817929883138497e+00 1.114934094523009200e+01 1.167373758385232068e+05 1.167373758385232068e+05 0.000000000000000000e+00
2.434544207011685835e+00 1.113285421966088329e+01 1.161042093104596133e+05 1.161042093104596133e+05 0.000000000000000000e+00
2.436270484140233616e+00 1.111535005250143548e+01 1.148168008741924714e+05 1.148168008741924714e+05 0.000000000000000000e+00
2.437996761268780954e+00 1.108428558961801080e+01 1.132848790227242134e+05 1.132848790227242134e+05 0.000000000000000000e+00
2.439723038397328736e+00 1.105322112673457902e+01 1.117385079827727750e+05 1.117385079827727750e+05 0.000000000000000000e+00
2.441449315525876074e+00 1.101167149446864713e+01 1.101701423276694113e+05 1.101701423276694113e+05 0.000000000000000000e+00
2.443175592654423856e+00 1.094506853496696763e+01 1.085736803544468276e+05 1.085736803544468276e+05 0.000000000000000000e+00
2.444901869782971637e+00 1.087846557546528636e+01 1.071307713601525611e+05 1.069444205609076744e+05 1.863507992448695916e+02
2.446628146911518975e+00 1.078316243981476497e+01 1.056543236434300634e+05 1.052789953231534309e+05 3.753283202766367026e+02
2.448354424040066757e+00 1.065949027115771663e+01 1.041422481961854937e+05 1.035752867044746963e+05 5.669614917107890051e+02
2.450080701168614095e+00 1.053581810250070028e+01 1.025936077832949668e+05 1.018323287329245068e+05 7.612790503704515004e+02
2.451806978297161876e+00 1.040382877891007141e+01 1.010085095126091182e+05 1.000502000020515552e+05 9.583095105575706611e+02
2.453533255425709214e+00 1.026835877099009586e+01 9.938799116854493332e+04 9.822991003661183640e+04 1.158081131933114193e+03
2.455259532554256996e+00 1.013288876307008657e+01 9.773390437816240592e+04 9.637328249218563724e+04 1.360621885976763451e+03
2.456985809682804334e+00 9.957154009599870292e+00 9.604879732496547513e+04 9.448283790396634140e+04 1.565959420999136000e+03
2.458712086811352115e+00 9.776425718633191764e+00 9.433579937894007890e+04 9.256167835325686610e+04 1.774121025683215521e+03
2.460438363939899453e+00 9.594155357477676560e+00 9.259850966634548968e+04 9.061337607520977326e+04 1.985133591135708457e+03
2.462164641068447235e+00 9.390936766678633418e+00 9.084089125928394787e+04 8.864186768785149616e+04 2.199023571432463996e+03
2.463890918196995017e+00 9.187718175879592053e+00 8.906717232667301141e+04 8.665135538402840029e+04 2.415816942644608389e+03
2.465617195325542355e+00 8.984367832218822514e+00 8.728175526034030190e+04 8.464621610000664077e+04 2.635539160333650671e+03
2.467343472454090136e+00 8.780590684045359140e+00 8.548913447903154884e+04 8.263091936352638004e+04 2.858215115505180620e+03
2.469069749582637474e+00 8.576813535871950833e+00 8.369382332528725965e+04 8.060995423627493437e+04 3.083869089012314817e+03
2.470796026711185256e+00 8.372038225988903903e+00 8.190029021072307660e+04 7.858776550632082217e+04 3.312524704402259886e+03
2.472522303839732594e+00 8.165712208515898851e+00 8.011290393828971719e+04 7.656869905908743385e+04 3.544204879202291977e+03
2.474248580968280375e+00 7.959386191042840508e+00 7.833588793792261276e+04 7.455695616327729658e+04 3.778931774645329369e+03
2.475974858096827713e+00 7.756961123928920010e+00 7.657328299561749736e+04 7.255655625177740876e+04 4.016726743840076779e+03
2.477701135225375495e+00 7.557916354690145333e+00 7.482891793465976662e+04 7.057130765626364155e+04 4.257610278396124158e+03
2.479427412353922833e+00 7.358871585451422170e+00 7.310638761980093841e+04 6.860478566628013505e+04 4.501601953520802454e+03
2.481153689482470615e+00 7.170729484779736040e+00 7.140903759766522853e+04 6.666031722605385585e+04 4.748720371611367227e+03
2.482879966611018396e+00 6.987998487724439656e+00 6.973995465621122275e+04 6.474097155183755240e+04 4.998983104373655806e+03
2.484606243739565734e+00 6.805267490669190344e+00 6.810196257861157937e+04 6.284955594510528317e+04 5.252406633506299841e+03
2.486332520868113516e+00 6.628371339017120611e+00 6.649762237844080664e+04 6.098861608844270086e+04 5.509006289998103057e+03
2.488058797996660854e+00 6.453032933447201636e+00 6.492923632942266704e+04 5.916044013732759777e+04 5.768796192095069273e+03
2.489785075125208635e+00 6.277694527877237363e+00 6.339885514026947931e+04 5.736706595826652483e+04 6.031789182002944472e+03
2.491511352253755973e+00 6.126996712484612750e+00 6.190828766976106999e+04 5.561029090836022806e+04 6.297996761400843752e+03
2.493237629382303755e+00 5.979077281009021583e+00 6.045911262576773152e+04 5.389168359991603938e+04 6.567429025851683036e+03
2.494963906510851093e+00 5.831157849533468607e+00 5.905269174159249087e+04 5.221259714338689082e+04 6.840094598205594593e+03
2.496690183639398875e+00 5.699711304956181834e+00 5.769018397109652142e+04 5.057418340999318752e+04 7.116000561103337532e+03
2.498416460767946212e+00 5.568323113077596531e+00 5.637256028842538217e+04 4.897740789972752100e+04 7.395152388697862079e+03
2.500142737896493994e+00 5.438053731905084121e+00 5.510061871667254309e+04 4.742306483894892153e+04 7.677553877723614278e+03
2.501869015025041776e+00 5.320196475962636562e+00 5.387499924083604128e+04 4.591179216278120293e+04 7.963207078054839258e+03
2.503595292153589114e+00 5.202339220020219202e+00 5.269619828224262164e+04 4.444408605933655053e+04 8.252112222906072930e+03
2.505321569282136895e+00 5.087121779210161954e+00 5.156458242286795576e+04 4.302031476402792032e+04 8.544267658840035438e+03
2.507047846410684233e+00 4.986044964894954745e+00 5.048040106733223365e+04 4.164073129157183575e+04 8.839669775760394259e+03
2.508774123539232015e+00 4.884968150579721780e+00 4.944379771676123346e+04 4.030548477968222141e+04 9.138312937079017502e+03
2.510500400667779353e+00 4.787049565957336661e+00 4.845481950163002330e+04 3.901463009137041809e+04 9.440189410259610668e+03
2.512226677796327134e+00 4.700304954887823961e+00 4.751342458027822431e+04 3.776813528232649696e+04 9.745289297951727349e+03
2.513952954924874472e+00 4.613560343818332576e+00 4.661948695769923506e+04 3.656588648775808542e+04 1.005360046994114782e+04
2.515679232053422254e+00 4.530147746246477425e+00 4.577279821928210004e+04 3.540768972312796541e+04 1.036510849615414372e+04
2.517405509181969592e+00 4.455661416875918768e+00 4.497306561406156106e+04 3.429326903309689078e+04 1.067979658096466483e+04
2.519131786310517374e+00 4.381175087505341459e+00 4.421990587461326504e+04 3.322226037554916547e+04 1.099764549906410139e+04
2.520858063439065155e+00 4.309534945684538876e+00 4.351283414680108399e+04 3.219420061363742207e+04 1.131863353316366010e+04
2.522584340567612493e+00 4.244353006861127042e+00 4.285124745300185168e+04 3.120851103919304296e+04 1.164273641380880326e+04
2.524310617696160275e+00 4.179171068037698333e+00 4.223440227066479565e+04 3.026447500907080394e+04 1.196992726159399535e+04
2.526036894824707613e+00 4.117528194191790725e+00 4.166138613065492973e+04 2.936120959858127753e+04 1.230017653207364310e+04
2.527763171953255394e+00 4.062936412647385254e+00 4.113108369375624898e+04 2.849763173008443118e+04 1.263345196367181779e+04
2.529489449081802732e+00 4.008344631102993105e+00 4.064213861689611804e+04 2.767242008799740506e+04 1.296971852889871479e+04
2.531215726210350514e+00 3.958564415818520921e+00 4.019291372180531471e+04 2.688397533261943681e+04 1.330893838918588517e+04
2.532942003338897852e+00 3.917685259953979315e+00 3.978145352337109944e+04 2.613038266971622943e+04 1.365107085365486819e+04
2.534668280467445634e+00 3.876806104089426608e+00 3.940545495566073077e+04 2.540938261352607515e+04 1.399607234213465563e+04
2.536394557595992971e+00 3.837184495386884997e+00 3.906225388397765346e+04 2.471835753123479662e+04 1.434389635274285502e+04
2.538120834724540753e+00 3.799896188298726329e+00 3.874883624117988802e+04 2.405434280683739780e+04 1.469449343434248294e+04
2.539847111853088535e+00 3.762607881210567662e+00 3.846188270847479725e+04 2.341407154429302318e+04 1.504781116418177226e+04
2.541573388981635873e+00 3.728725589651717964e+00 3.819785401637924952e+04 2.279405988536150835e+04 1.540379413101774117e+04
2.543299666110183654e+00 3.701346004986237670e+00 3.795311956510912569e+04 2.219073564109403378e+04 1.576238392401509373e+04
2.545025943238730992e+00 3.673966420320764481e+00 3.772412507050698332e+04 2.160060594280586156e+04 1.612351912770111812e+04
2.546752220367278774e+00 3.648489047298452803e+00 3.750758614392803429e+04 2.102045082068448755e+04 1.648713532324354674e+04
2.548478497495826112e+00 3.627055901134404792e+00 3.730068598689237842e+04 2.044752089058969432e+04 1.685316509630268047e+04
2.550204774624373893e+00 3.605622754970350563e+00 3.710124937204689923e+04 1.987971132035622941e+04 1.722153805169066618e+04
2.551931051752921231e+00 3.586297438597410903e+00 3.690786438027604163e+04 1.931568354522558730e+04 1.759218083505045433e+04
2.553657328881469013e+00 3.572274302351080788e+00 3.671992935769170435e+04 1.875491219594797803e+04 1.796501716174372632e+04
2.555383606010016351e+00 3.558251166104754226e+00 3.653761453637939121e+04 1.819764668326728861e+04 1.833996785311210624e+04
2.557109883138564133e+00 3.545565869621036814e+00 3.636174286039362778e+04 1.764479198014541907e+04 1.871695088024820507e+04
2.558836160267111914e+00 3.537177222736607174e+00 3.619360871345614578e+04 1.709772729807255382e+04 1.909588141538358832e+04
2.560562437395659252e+00 3.528788575852179310e+00 3.603476277875735104e+04 1.655809088778833029e+04 1.947667189096902075e+04
2.562288714524207034e+00 3.521384883621138773e+00 3.588679423518792464e+04 1.602756216869902346e+04 1.985923206648889754e+04
2.564014991652754372e+00 3.518503929305339728e+00 3.575113817367894808e+04 1.550766907066246858e+04 2.024346910301648313e+04
2.565741268781302153e+00 3.515622974989540239e+00 3.562892844079889619e+04 1.499964079531884454e+04 2.062928764548004256e+04
2.567467545909849491e+00 3.513053739723982716e+00 3.552090662472561235e+04 1.450431671215344250e+04 2.101658991257217713e+04
2.569193823038397273e+00 3.513203626656062450e+00 3.542738875774379994e+04 1.402211296354835576e+04 2.140527579419544418e+04
2.570920100166944611e+00 3.513353513588141741e+00 3.534828384286103392e+04 1.355304088656263593e+04 2.179524295629840344e+04
2.572646377295492393e+00 3.513588363992478758e+00 3.528315305982126301e+04 1.309676610690557573e+04 2.218638695291569456e+04
2.574372654424039730e+00 3.517770175149141476e+00 3.523129555698349577e+04 1.265269421179714664e+04 2.257860134518634368e+04
2.576098931552587512e+00 3.521951986305805082e+00 3.519184602216148051e+04 1.222006819507726323e+04 2.297177782708421728e+04
2.577825208681135294e+00 3.526133797462468245e+00 3.516387059600134671e+04 1.179806423844546043e+04 2.336580635755588810e+04
2.579551485809682632e+00 3.532346249409243910e+00 3.514645079172428086e+04 1.138587549300166029e+04 2.376057529872261875e+04
2.581277762938230413e+00 3.538730687024115085e+00 3.513874922941847035e+04 1.098277766965189221e+04 2.415597155976657814e+04
2.583004040066777751e+00 3.545115124638984483e+00 3.514005521544272779e+04 1.058817446935696171e+04 2.455188074608576790e+04
2.584730317195325533e+00 3.553986452580974120e+00 3.514981153037500917e+04 1.020162421710573835e+04 2.494818731326927082e+04
2.586456594323872871e+00 3.563436668368990201e+00 3.516762562697264366e+04 9.822850901559440899e+03 2.534477472541320094e+04
2.588182871452420653e+00 3.572886884157008947e+00 3.519326875984305661e+04 9.451743142573901423e+03 2.574152561726915883e+04
2.589909148580967990e+00 3.584025796916455064e+00 3.522666586903352436e+04 9.088343909341378094e+03 2.613832195969215172e+04
2.591635425709515772e+00 3.595948270234932576e+00 3.526787804598288494e+04 8.732832818151129686e+03 2.653504522783175707e+04
2.593361702838063110e+00 3.607870743553406978e+00 3.531707873229981487e+04 8.385502160807680411e+03 2.693157657149213628e+04
2.595087979966610892e+00 3.620202300903859083e+00 3.537452471748287644e+04 8.046727730412246274e+03 2.732779698707063289e+04
2.596814257095158673e+00 3.632869718665178382e+00 3.544052343250046397e+04 7.716935942026905650e+03 2.772358749047355741e+04
2.598540534223706011e+00 3.645537136426494129e+00 3.551539867139090347e+04 7.396569380991303660e+03 2.811882929039959708e+04
2.600266811352253793e+00 3.659239313233521695e+00 3.559945735021539440e+04 7.086053388837428429e+03 2.851340396137796415e+04
2.601993088480801131e+00 3.674507562894750112e+00 3.569295997183967847e+04 6.785766355890969862e+03 2.890719361594871589e+04
2.603719365609348912e+00 3.689775812555982970e+00 3.579609702996366832e+04 6.496015954586966473e+03 2.930008107537670003e+04
2.605445642737896250e+00 3.705653454475302588e+00 3.590897276107413927e+04 6.217022722774816430e+03 2.969195003829932466e+04
2.607171919866444032e+00 3.723515069724472326e+00 3.603159665577068517e+04 5.948911409050432667e+03 3.008268524672025160e+04
2.608898196994991370e+00 3.741376684973637623e+00 3.616388220737950905e+04 5.691709558601934077e+03 3.047217264877757407e+04
2.610624474123539152e+00 3.759260142932336901e+00 3.630565168240519415e+04 5.445352124670914236e+03 3.086029955773427355e+04
2.612350751252086489e+00 3.777520878792246073e+00 3.645664532309793867e+04 5.209690516435786776e+03 3.124695480666215371e+04
2.614077028380634271e+00 3.795781614652160130e+00 3.661653332334478910e+04 4.984504425028081641e+03 3.163202889831670473e+04
2.615803305509182053e+00 3.814042350512074186e+00 3.678492908066792006e+04 4.769514930938301404e+03 3.201541414972961502e+04
2.617529582637729391e+00 3.833638172640599695e+00 3.696140252277062245e+04 4.564397691693279739e+03 3.239700483107734181e+04
2.619255859766277172e+00 3.853435822060435889e+00 3.714549264859157847e+04 4.368795350172684266e+03 3.277669729841889784e+04
2.620982136894824510e+00 3.873233471480266754e+00 3.733671874728523107e+04 4.182328627353582306e+03 3.315439011993164604e+04
2.622708414023372292e+00 3.891924802401224959e+00 3.753459002761704323e+04 4.004605832304583146e+03 3.352998419531246327e+04
2.624434691151919630e+00 3.910059451994657209e+00 3.773861359164760506e+04 3.835230723597308042e+03 3.390338286805029929e+04
2.626160968280467412e+00 3.928194101588094345e+00 3.794830082244802907e+04 3.673808792131056180e+03 3.427449203031697107e+04
2.627887245409014749e+00 3.945950836995244959e+00 3.816317233638397011e+04 3.519952116120583014e+03 3.464322022026338527e+04
2.629613522537562531e+00 3.963235192004098018e+00 3.838276168949384737e+04 3.373282977944053073e+03 3.500947871154978930e+04
2.631339799666109869e+00 3.980519547012946191e+00 3.860661803747714293e+04 3.233436442497501048e+03 3.537318159497964371e+04
2.633066076794657651e+00 3.998241757646840533e+00 3.883430794048117241e+04 3.100062088334063446e+03 3.573424585214710532e+04
2.634792353923205432e+00 4.017590871094754768e+00 3.906541648534044361e+04 2.972825064291907438e+03 3.609259142104853527e+04
2.636518631051752770e+00 4.036939984542664561e+00 3.929954787483681139e+04 2.851406621190224087e+03 3.644814125364657957e+04
2.638244908180300552e+00 4.056289097990579684e+00 3.953632560958684189e+04 2.735504244172920153e+03 3.680082136541391810e+04
2.639971185308847890e+00 4.075870799225212338e+00 3.977539236548745976e+04 2.624831488568455825e+03 3.715056087691899302e+04
2.641697462437395671e+00 4.095460167882692737e+00 4.001640964938457910e+04 2.519117601833565459e+03 3.749729204755101819e+04
2.643423739565943009e+00 4.115049536540167807e+00 4.025905729821398563e+04 2.418106996700311811e+03 3.784095030151367973e+04
2.645150016694490791e+00 4.131491669399689037e+00 4.050303287231243303e+04 2.321558626065133012e+03 3.818147424624730047e+04
2.646876293823038129e+00 4.146664023881261762e+00 4.074805098171164718e+04 2.229245298244279638e+03 3.851880568346736982e+04
2.648602570951585911e+00 4.161836378362838929e+00 4.099384257468049327e+04 2.140952961647446500e+03 3.885288961303303950e+04
2.650328848080133248e+00 4.178460294750377280e+00 4.124015421022989904e+04 2.056479980347502078e+03 3.918367422988238832e+04
2.652055125208681030e+00 4.196934756972016345e+00 4.148674733039361308e+04 1.975636416101162467e+03 3.951111091429245425e+04
2.653781402337228812e+00 4.215409219193656298e+00 4.173339754354069009e+04 1.898243327801029636e+03 3.983515421573966887e+04
2.655507679465776150e+00 4.233746935084685248e+00 4.197989392649321962e+04 1.824132095840181364e+03 4.015576183065303485e+04
2.657233956594323931e+00 4.251305289915978669e+00 4.222603835059114499e+04 1.753143776226245336e+03 4.047289457436490920e+04
2.658960233722871269e+00 4.268863644747267649e+00 4.247164483488036785e+04 1.685128487304670216e+03 4.078651634757570719e+04
2.660686510851419051e+00 4.286421999578561959e+00 4.271653892814888241e+04 1.619944830491574976e+03 4.109659409765730379e+04
2.662412787979966389e+00 4.303267400357094097e+00 4.296055712048370333e+04 1.557459345357908205e+03 4.140309777512578876e+04
2.664139065108514171e+00 4.319990090930041049e+00 4.320354628426927957e+04 1.497545998650608453e+03 4.170600028561866930e+04
2.665865342237061508e+00 4.336712781502983560e+00 4.344536314402746211e+04 1.440085706313782111e+03 4.200527743771367386e+04
2.667591619365609290e+00 4.353718512877081004e+00 4.368587377414750517e+04 1.384965887221736693e+03 4.230090788692577917e+04
2.669317896494156628e+00 4.370971364685456884e+00 4.392495312333381298e+04 1.332080047116162859e+03 4.259287307621764921e+04
2.671044173622704410e+00 4.388224216493838092e+00 4.416248456446901400e+04 1.281327391113755539e+03 4.288115717335525551e+04
2.672770450751252191e+00 4.405389647573285217e+00 4.439835946853079076e+04 1.232612463096052579e+03 4.316574700543474319e+04
2.674496727879799529e+00 4.422223822476714972e+00 4.463247680118797871e+04 1.185844810287096379e+03 4.344663199090088165e+04
2.676223005008347311e+00 4.439057997380150056e+00 4.486474274072347180e+04 1.140938671354652115e+03 4.372380406936882355e+04
2.677949282136894649e+00 4.455892172283579811e+00 4.509507031597704190e+04 1.097812686424409776e+03 4.399725762955262326e+04
2.679675559265442431e+00 4.471022173579025427e+00 4.532337906305913202e+04 1.056389627465558306e+03 4.426698943559356849e+04
2.681401836393989768e+00 4.485876033061200197e+00 4.554959469965659810e+04 1.016596147585706831e+03 4.453299855207088694e+04
2.683128113522537550e+00 4.500729892543377630e+00 4.577364881582219095e+04 9.783625478564911191e+02 4.479528626796570461e+04
2.684854390651084888e+00 4.515470772959689683e+00 4.599547858021481079e+04 9.416225603777882043e+02 4.505385601983702509e+04
2.686580667779632670e+00 4.530101582049962161e+00 4.621502646082934370e+04 9.063131463732690918e+02 4.530871331445607211e+04
2.688306944908180007e+00 4.544732391140231975e+00 4.643223995932639082e+04 8.723743081940813227e+02 4.555986565113230608e+04
2.690033222036727789e+00 4.559467511493072500e+00 4.664707135813842615e+04 8.397489141871808442e+02 4.580732244395124872e+04
2.691759499165275571e+00 4.574870418063271771e+00 4.685947747959276603e+04 8.083825354619425525e+02 4.605109494413082575e+04
2.693485776293822909e+00 4.590273324633467489e+00 4.706941945635058801e+04 7.782232936605493023e+02 4.629119616269005201e+04
2.695212053422370246e+00 4.605676231203663207e+00 4.727686251251561771e+04 7.492217189059206248e+02 4.652764079360969481e+04
2.696938330550918028e+00 4.620584345999835918e+00 4.748177575481683743e+04 7.213306171644641154e+02 4.676044513765236479e+04
2.698664607679465810e+00 4.635324264548610351e+00 4.768413197331555421e+04 6.945049463200150512e+02 4.698962702699553483e+04
2.700390884808013148e+00 4.650064183097380344e+00 4.788390745112911827e+04 6.687017003103270554e+02 4.721520575081880088e+04
2.702117161936560930e+00 4.665872949843761219e+00 4.808108178270242206e+04 6.438798007284223104e+02 4.743720198197400168e+04
2.703843439065108267e+00 4.683755320384949350e+00 4.827563770019292133e+04 6.199999953381875457e+02 4.765563770485472924e+04
2.705569716193656049e+00 4.701637690926141921e+00 4.846756090756666526e+04 5.970247629968234833e+02 4.787053614456984360e+04
2.707295993322203387e+00 4.719520061467330052e+00 4.865683992203174421e+04 5.749182245171199384e+02 4.808192169751461915e+04
2.709022270450751169e+00 4.733150216745803718e+00 4.884346592246109503e+04 5.536460590390113339e+02 4.828981986342208256e+04
2.710748547579298950e+00 4.746451274593966652e+00 4.902743260448074579e+04 5.331754255141597696e+02 4.849425717896658898e+04
2.712474824707846288e+00 4.759752332442126033e+00 4.920873604192031053e+04 5.134748889381705794e+02 4.869526115298214427e+04
2.714201101836393626e+00 4.774141415265575894e+00 4.938737455434212461e+04 4.945143509939334763e+02 4.889286020334819477e+04
2.715927378964941408e+00 4.789649297902285774e+00 4.956334858038286620e+04 4.762649847958617215e+02 4.908708359558699885e+04
2.717653656093489190e+00 4.805157180538995654e+00 4.973666055665723979e+04 4.586991734489647570e+02 4.927796138320827595e+04
2.719379933222036527e+00 4.820669954854344574e+00 4.990731480198750069e+04 4.417904521589296110e+02 4.946552434982857085e+04
2.721106210350584309e+00 4.836283480585942485e+00 5.007531740673613240e+04 4.255134536498176203e+02 4.964980395308631705e+04
2.722832487479131647e+00 4.851897006317535954e+00 5.024067612703037594e+04 4.098438566647640187e+02 4.983083227036560857e+04
2.724558764607679429e+00 4.867510532049133865e+00 5.040340028367837658e+04 3.947583373421351212e+02 5.000864194633624720e+04
2.726285041736226766e+00 4.881865390334700905e+00 5.056350066558692924e+04 3.802345232756336486e+02 5.018326614231130225e+04
2.728011318864774548e+00 4.895338305737701567e+00 5.072098943749908358e+04 3.662509500811243583e+02 5.035473848741795518e+04
2.729737595993322330e+00 4.908811221140701342e+00 5.087588005187944509e+04 3.527870203065305077e+02 5.052309303157291288e+04
2.731463873121869668e+00 4.922547526705550958e+00 5.102818716478146962e+04 3.398229645332133941e+02 5.068836420024825929e+04
2.733190150250417005e+00 4.938493258187737212e+00 5.117792655553942313e+04 3.273398045286431852e+02 5.085058675101078552e+04
2.734916427378964787e+00 4.954438989669927018e+00 5.132511505013328133e+04 3.153193183205012247e+02 5.100979573181277374e+04
2.736642704507512569e+00 4.970384721152117713e+00 5.146977044808172650e+04 3.037440070718612333e+02 5.116602644100986799e+04
2.738368981636059907e+00 4.986685202683153406e+00 5.161191145272405993e+04 2.925970636458597482e+02 5.131931438907820120e+04
2.740095258764607689e+00 5.003209222659523725e+00 5.175155760475693387e+04 2.818623427563540531e+02 5.146969526200058317e+04
2.741821535893155026e+00 5.019733242635889603e+00 5.188872921889751888e+04 2.715243326085134186e+02 5.161720488628900785e+04
2.743547813021702808e+00 5.036148251857216707e+00 5.202344732354894222e+04 2.615681279400122889e+02 5.176187919560894079e+04
2.745274090150250146e+00 5.051670303112294924e+00 5.215573360334913014e+04 2.519794043799591350e+02 5.190375419896916719e+04
2.747000367278797928e+00 5.067192354367376694e+00 5.228561034448762803e+04 2.427443940483173606e+02 5.204286595043931447e+04
2.748726644407345709e+00 5.082714405622458465e+00 5.241310038268018252e+04 2.338498623240890595e+02 5.217925052035609406e+04
2.750452921535893047e+00 5.097715299014603296e+00 5.237397098572310642e+04 2.252830857153227271e+02 5.214868790000778972e+04
2.752179198664440385e+00 5.112340308111399168e+00 5.233522935155323648e+04 2.170318307686514743e+02 5.211819752078458259e+04
2.753905475792988167e+00 5.126965317208198591e+00 5.229686375733151363e+04 2.090843339602408264e+02 5.208777942337127024e+04
2.755631752921535949e+00 5.141579751154866429e+00 5.225886292680916085e+04 2.014292825138951457e+02 5.205743364429526264e+04
2.757358030050083286e+00 5.155950336607126872e+00 5.222121601201669546e+04 1.940557960956549550e+02 5.202716021592104516e+04
2.759084307178631068e+00 5.170320922059390867e+00 5.218391257578426303e+04 1.869534093375501982e+02 5.199695916644671524e+04
2.760810584307178406e+00 5.184691507511651309e+00 5.214694257504864800e+04 1.801120551462502419e+02 5.196683051990241074e+04
2.762536861435726188e+00 5.198277730391158258e+00 5.211029634490427998e+04 1.735220487551210340e+02 5.193677429614916036e+04
2.764263138564273525e+00 5.211049438963780034e+00 5.207396458335693023e+04 1.671740724809365304e+02 5.190679051087599510e+04
2.765989415692821307e+00 5.223821147536405363e+00 5.203793833673910558e+04 1.610591611488024171e+02 5.187687917559030029e+04
2.767715692821369089e+00 5.236592856109030691e+00 5.200220898574811872e+04 1.551686881512264051e+02 5.184704029759689001e+04
2.769441969949916427e+00 5.252938667672991002e+00 5.196676823207009875e+04 1.494943521092614276e+02 5.181727387996084872e+04
2.771168247078463764e+00 5.269610508640256263e+00 5.193160808555607218e+04 1.440281641056531896e+02 5.178757992145041499e+04
2.772894524207011546e+00 5.286282349607525077e+00 5.189672085192079976e+04 1.387624354617149152e+02 5.175795841645908513e+04
2.774620801335559328e+00 5.301926084265135231e+00 5.186209912093798630e+04 1.336897660313161680e+02 5.172840935490666016e+04
2.776347078464106666e+00 5.315488618548069866e+00 5.182773575510871888e+04 1.288030329869374384e+02 5.169893272212178272e+04
2.778073355592654448e+00 5.329051152831008942e+00 5.179362387878321897e+04 1.240953800741982747e+02 5.166952849870901991e+04
2.779799632721201785e+00 5.342613687113943577e+00 5.175975686771762412e+04 1.195602073126332385e+02 5.164019666040498851e+04
2.781525909849749567e+00 5.358167375905371621e+00 5.172612833904910804e+04 1.151911611217001337e+02 5.161093717792740063e+04
2.783252186978296905e+00 5.374466798101156684e+00 5.169273214167437254e+04 1.109821248522509478e+02 5.158175001682212314e+04
2.784978464106844687e+00 5.390766220296946187e+00 5.165956234701663925e+04 1.069272097047152386e+02 5.155263513731192506e+04
2.786704741235392468e+00 5.406769212923442147e+00 5.162661324016738945e+04 1.030207460163453135e+02 5.152359249415104568e+04
2.788431018363939806e+00 5.420298708932417497e+00 5.159387931138931162e+04 9.925727490075961157e+01 5.149462203648855211e+04
2.790157295492487144e+00 5.433828204941393736e+00 5.156135524796729442e+04 9.563154022396436460e+01 5.146572370774333103e+04
2.791883572621034926e+00 5.447357700950373527e+00 5.152903592639475391e+04 9.213848090185227591e+01 5.143689744549290481e+04
2.793609849749582708e+00 5.461023896271358424e+00 5.149691640488230041e+04 8.877322350496038439e+01 5.140814318137734517e+04
2.795336126878130045e+00 5.474841226601102839e+00 5.146499191617660836e+04 8.553107515700069996e+01 5.137946084101961605e+04
2.797062404006677827e+00 5.488658556930850807e+00 5.143325786067731678e+04 8.240751671437699599e+01 5.135085034396294213e+04
2.798788681135225165e+00 5.502475887260595222e+00 5.140170979983999132e+04 7.939819621454957144e+01 5.132231160362543596e+04
2.800514958263772947e+00 5.515602492321617589e+00 5.137034344985360076e+04 7.649892258169103343e+01 5.129384452727191092e+04
2.802241235392320284e+00 5.528577124132232790e+00 5.133915467558119417e+04 7.370565957869052909e+01 5.126544901600250159e+04
2.803967512520868066e+00 5.541551755942851543e+00 5.130813948475292273e+04 7.101451999505398760e+01 5.123712496475786611e+04
2.805693789649415848e+00 5.554538878490584253e+00 5.127729402240055788e+04 6.842176006079836270e+01 5.120887226233976253e+04
2.807420066777963186e+00 5.567595251468249629e+00 5.124661456552358868e+04 6.592377407687476421e+01 5.118069079144672287e+04
2.809146343906510523e+00 5.580651624445915004e+00 5.121609751797658828e+04 6.351708925313108267e+01 5.115258042872346414e+04
2.810872621035058305e+00 5.593707997423583933e+00 5.118573940556870366e+04 6.119836074524016567e+01 5.112454104482346156e+04
2.812598898163606087e+00 5.608429287215212611e+00 5.115553687136569351e+04 5.896436688241605140e+01 5.109657250448327250e+04
2.814325175292153425e+00 5.625038774720989565e+00 5.112548667118619051e+04 5.681200457811874571e+01 5.106867466660807258e+04
2.816051452420701207e+00 5.641648262226771848e+00 5.109558566928313667e+04 5.473828491630943205e+01 5.104084738436682528e+04
2.817777729549248544e+00 5.658257749732549691e+00 5.106583083420291950e+04 5.274032890615884384e+01 5.101309050529675005e+04
2.819504006677796326e+00 5.670668811042531843e+00 5.103621923481389240e+04 5.081536339841250083e+01 5.098540387141548126e+04
2.821230283806343664e+00 5.681804272443120141e+00 5.100674803649740352e+04 4.896071715694852600e+01 5.095778731934045209e+04
2.822956560934891446e+00 5.692939733843711103e+00 5.097741449749373714e+04 4.717381707931808421e+01 5.093024068041441933e+04
2.824682838063439227e+00 5.704146743084280047e+00 5.094821596539665916e+04 4.545218456036242571e+01 5.090276378083630698e+04
2.826409115191986565e+00 5.716773202639879869e+00 5.091914987378972728e+04 4.379343199322958213e+01 5.087535644179648807e+04
2.828135392320533903e+00 5.729399662195478804e+00 5.089021373901843617e+04 4.219525940237960526e+01 5.084801847961605381e+04
2.829861669449081685e+00 5.742026121751081291e+00 5.086140515709231113e+04 4.065545120339161400e+01 5.082074970588891301e+04
2.831587946577629467e+00 5.755949397238053322e+00 5.083272180071118783e+04 3.917187308460697892e+01 5.079354992762659094e+04
2.833314223706176804e+00 5.772737354933715537e+00 5.080416141641047579e+04 3.774246900585278297e+01 5.076641894740462885e+04
2.835040500834724586e+00 5.789525312629383080e+00 5.077572182182012330e+04 3.636525830969272022e+01 5.073935656351043144e+04
2.836766777963271924e+00 5.806313270325045295e+00 5.074740090303270699e+04 3.503833294084504502e+01 5.071236257009186374e+04
2.838493055091819706e+00 5.823787788297161150e+00 5.071919661207563331e+04 3.375985476957725950e+01 5.068543675730605901e+04
2.840219332220367043e+00 5.841806405913184896e+00 5.069110696448345698e+04 3.252805301507843438e+01 5.065857891146837210e+04
2.841945609348914825e+00 5.859825023529213972e+00 5.066313003696547821e+04 3.134122176495370127e+01 5.063178881520052528e+04
2.843671886477462163e+00 5.877843641145237719e+00 5.063526396516540262e+04 3.019771758716484200e+01 5.060506624757823738e+04
2.845398163606009945e+00 5.893688227776072708e+00 5.060750694150834170e+04 2.909595723086895802e+01 5.057841098427747784e+04
2.847124440734557282e+00 5.908943570076893970e+00 5.057985721313227987e+04 2.803441541277107518e+01 5.055182279771950562e+04
2.848850717863105064e+00 5.924198912377719672e+00 5.055231307989983179e+04 2.701162268572403846e+01 5.052530145721411100e+04
2.850576994991652846e+00 5.939470356182211752e+00 5.052487289248750312e+04 2.602616338645771776e+01 5.049884672910103836e+04
2.852303272120200184e+00 5.958699349760059327e+00 5.049753505054883863e+04 2.507667365942904780e+01 5.047245837688941538e+04
2.854029549248747966e+00 5.977928343337912231e+00 5.047029800094866368e+04 2.416183955391267446e+01 5.044613616139474470e+04
2.855755826377295303e+00 5.997157336915759807e+00 5.044316023606539238e+04 2.328039519156703818e+01 5.041987984087382938e+04
2.857482103505843085e+00 6.015498120999788867e+00 5.041612029215870280e+04 2.243112100181024005e+01 5.039368917115689692e+04
2.859208380634390423e+00 6.030245150176930302e+00 5.038917674779977096e+04 2.161284202245863284e+01 5.036756390577731509e+04
2.860934657762938205e+00 6.044992179354076178e+00 5.036232822236174252e+04 2.082442626316642631e+01 5.034150379609856464e+04
2.862660934891485542e+00 6.059739208531217614e+00 5.033557337456777168e+04 2.006478312931454511e+01 5.031550859143845446e+04
2.864387212020033324e+00 6.076677201672778139e+00 5.030891090109451761e+04 1.933286190407525496e+01 5.028957803919044090e+04
2.866113489148580662e+00 6.097268082422773183e+00 5.028233953522873344e+04 1.862765028647992693e+01 5.026371188494225498e+04
2.867839766277128444e+00 6.117858963172774445e+00 5.025585804557483061e+04 1.794817298338922384e+01 5.023790987259144458e+04
2.869566043405676226e+00 6.138449843922774818e+00 5.022946523481152690e+04 1.729349035335776819e+01 5.021217174445816636e+04
2.871292320534223563e+00 6.158824111138814672e+00 5.020315993849538063e+04 1.666269710045180474e+01 5.018649724139492901e+04
2.873018597662771345e+00 6.179009563433602636e+00 5.017694102390961780e+04 1.605492101616045630e+01 5.016088610289346252e+04
2.874744874791318683e+00 6.199195015728384384e+00 5.015080738895628747e+04 1.546932176761062117e+01 5.013533806718866254e+04
2.876471151919866465e+00 6.219380468023172348e+00 5.012475796108997747e+04 1.490508973035954021e+01 5.010985287135961698e+04
2.878197429048413802e+00 6.242159086552747205e+00 5.009879169629183889e+04 1.436144486411283339e+01 5.008443025142773695e+04
2.879923706176961584e+00 6.266179053302805002e+00 5.007290757808172930e+04 1.383763562976960770e+01 5.005906994245194801e+04
2.881649983305508922e+00 6.290199020052856582e+00 5.004710461656752159e+04 1.333293794626581352e+01 5.003377167862125498e+04
2.883376260434056704e+00 6.314218986802914380e+00 5.002138184752992674e+04 1.284665418573628770e+01 5.000853519334419252e+04
2.885102537562604041e+00 6.337740975969406776e+00 4.999573833154134627e+04 1.237811220558035785e+01 4.998336021933576558e+04
2.886828814691151823e+00 6.361139153238816846e+00 4.997017315311752463e+04 1.192666441606073668e+01 4.995824648870146484e+04
2.888555091819699605e+00 6.384537330508226027e+00 4.994468541990093945e+04 1.149168688212555622e+01 4.993319373301881569e+04
2.890281368948246943e+00 6.407935507777629880e+00 4.991927426187419769e+04 1.107257845818527819e+01 4.990820168341601675e+04
2.892007646076794281e+00 6.432014247277829888e+00 4.989393883060282678e+04 1.066875995462849147e+01 4.988327007064819918e+04
2.893733923205342062e+00 6.456161853280527829e+00 4.986867829850591079e+04 1.027967333490510171e+01 4.985839862517100846e+04
2.895460200333889844e+00 6.480309459283226658e+00 4.984349185815383680e+04 9.904780942048519776e+00 4.983358707721179235e+04
2.897186477462437182e+00 6.504457065285919271e+00 4.981837872159183462e+04 9.543564753550960233e+00 4.980883515683829319e+04
2.898912754590984964e+00 6.525695475738234386e+00 4.979333811968845839e+04 9.195525663546842310e+00 4.978414259402490279e+04
2.900639031719532301e+00 6.546910917514053629e+00 4.976836930150797707e+04 8.860182791299422433e+00 4.975950911871666904e+04
2.902365308848080083e+00 6.568126359289879090e+00 4.974347153370599699e+04 8.537072815019605798e+00 4.973493446089097415e+04
2.904091585976627421e+00 6.590142408812780239e+00 4.971864409994709422e+04 8.225749330087310796e+00 4.971041835061700112e+04
2.905817863105175203e+00 6.623743554280899559e+00 4.969388630034372909e+04 7.925782230774729875e+00 4.968596051811294456e+04
2.907544140233722985e+00 6.657344699749018879e+00 4.966919745091591903e+04 7.636757114609692643e+00 4.966156069380130793e+04
2.909270417362270322e+00 6.690945845217129317e+00 4.964457688307038916e+04 7.358274708544668030e+00 4.963721860836185078e+04
2.910996694490817660e+00 6.723828448239726363e+00 4.962002394309888768e+04 7.089950316130964936e+00 4.961293399278274592e+04
2.912722971619365442e+00 6.751123350027994796e+00 4.959553799169463309e+04 6.831413284926498797e+00 4.958870657840971398e+04
2.914449248747913224e+00 6.778418251816263229e+00 4.957111840348652913e+04 6.582306493393737412e+00 4.956453609699312801e+04
2.916175525876460561e+00 6.805713153604523669e+00 4.954676456659011455e+04 6.342285856571791669e+00 4.954042228073353181e+04
2.917901803005008343e+00 6.833016066689942214e+00 4.952247588217487646e+04 6.111019849833969175e+00 4.951636486232504831e+04
2.919628080133555681e+00 6.860365891250233439e+00 4.949825176404730882e+04 5.888189050067491159e+00 4.949236357499723817e+04
2.921354357262103463e+00 6.887715715810531769e+00 4.947409163824885763e+04 5.673485693634917837e+00 4.946841815255521942e+04
2.923080634390650800e+00 6.915065540370822994e+00 4.944999494266856345e+04 5.466613250503372434e+00 4.944452832941806264e+04
2.924806911519198582e+00 6.943645317967786390e+00 4.942596112666959380e+04 5.267286013947077628e+00 4.942069384065564373e+04
2.926533188647746364e+00 6.978662717363995682e+00 4.940198965072919964e+04 5.075228705253750583e+00 4.939691442202394683e+04
2.928259465776293702e+00 7.013680116760196981e+00 4.937807998609169590e+04 4.890176092883768533e+00 4.937318980999881023e+04
2.929985742904841040e+00 7.048697516156397391e+00 4.935423161443374556e+04 4.711872625552859795e+00 4.934951974180819525e+04
2.931712020033388821e+00 7.083065255627979617e+00 4.933044402754185285e+04 4.540072078728460525e+00 4.932590395546312357e+04
2.933438297161936603e+00 7.113959822395846899e+00 4.930671672700120689e+04 4.374537214048040745e+00 4.930234218978715944e+04
2.935164574290483941e+00 7.144854389163706188e+00 4.928304922389575222e+04 4.215039451185988995e+00 4.927883418444456765e+04
2.936890851419031723e+00 7.175748955931574358e+00 4.925944103851886757e+04 4.061358551713338372e+00 4.925537967996714724e+04
2.938617128547579060e+00 7.207469402372675304e+00 4.923589170009447116e+04 3.913282314511598248e+00 4.923197841777995927e+04
2.940343405676126842e+00 7.244641018881962324e+00 4.921240074650791212e+04 3.770606282316780966e+00 4.920863014022559946e+04
2.942069682804674180e+00 7.281812635391239574e+00 4.918896772404653893e+04 3.633133458987368059e+00 4.918533459058755398e+04
2.943795959933221962e+00 7.318984251900525706e+00 4.916559218714929739e+04 3.500674037102502023e+00 4.916209151311220921e+04
2.945522237061769744e+00 7.355160324077093748e+00 4.914227369816536520e+04 3.373045135513565551e+00 4.913890065302985749e+04
2.947248514190317081e+00 7.381043063935370796e+00 4.911901182712121954e+04 3.250070546484016720e+00 4.911576175657473505e+04
2.948974791318864419e+00 7.406925803793648733e+00 4.909580615149580990e+04 3.131580492067109756e+00 4.909267457100373576e+04
2.950701068447412201e+00 7.432808543651932887e+00 4.907265625600391650e+04 3.017411389383601428e+00 4.906963884461452835e+04
2.952427345575959983e+00 7.459101628473634449e+00 4.904956173238679912e+04 2.907405624473804906e+00 4.904665432676232012e+04
2.954153622704507320e+00 7.499946043436638732e+00 4.902652217921043484e+04 2.801411334410284226e+00 4.902372076787602418e+04
2.955879899833055102e+00 7.540790458399652785e+00 4.900353720167063875e+04 2.699282197369150538e+00 4.900083791947326972e+04
2.957606176961602440e+00 7.581634873362656180e+00 4.898060641140513326e+04 2.600877230369265991e+00 4.897800553417475749e+04
2.959332454090150222e+00 7.622479288325670232e+00 4.895772942631191836e+04 2.506060594398274333e+00 4.895522336571752385e+04
2.961058731218697559e+00 7.661023344247435141e+00 4.893490587037441583e+04 2.414701406656235338e+00 4.893249116896776104e+04
2.962785008347245341e+00 7.699429629975402811e+00 4.891213537349204125e+04 2.326673559655830559e+00 4.890980869993237866e+04
2.964511285475793123e+00 7.737835915703371370e+00 4.888941757131728809e+04 2.241855546929246934e+00 4.888717571577036142e+04
2.966237562604340461e+00 7.776242201431329271e+00 4.886675210509791941e+04 2.160130295099648823e+00 4.886459197480282455e+04
2.967963839732887799e+00 7.817736040900367556e+00 4.884413862152496586e+04 2.081385002084894076e+00 4.884205723652287998e+04
2.969690116861435580e+00 7.859808462094177273e+00 4.882157677258564945e+04 2.005510981209408961e+00 4.881957126160444022e+04
2.971416393989983362e+00 7.901880883287986101e+00 4.879906621542162611e+04 1.932403511008205843e+00 4.879713381191062217e+04
2.973142671118530700e+00 7.943953304481784272e+00 4.877660661219189933e+04 1.861961690515007817e+00 4.877474465050137951e+04
2.974868948247078482e+00 7.987111283610532020e+00 4.875419762994041230e+04 1.794088299834080580e+00 4.875240354164058226e+04
2.976595225375625819e+00 8.030684146347187635e+00 4.873183894046823843e+04 1.728689665802953579e+00 4.873011025080243417e+04
2.978321502504173601e+00 8.074257009083854797e+00 4.870953022021007200e+04 1.665675532559565797e+00 4.870786454467751173e+04
2.980047779632720939e+00 8.117829871820511300e+00 4.868727115011484420e+04 1.604958936835164662e+00 4.868566619117801019e+04
2.981774056761268721e+00 8.155813533550203331e+00 4.866506141553048656e+04 1.546456087799820134e+00 4.866351495944267663e+04
2.983500333889816503e+00 8.189776869975817775e+00 4.864290070609240502e+04 1.490086251294672870e+00 4.864141061984111002e+04
2.985226611018363840e+00 8.223740206401425112e+00 4.862078871561591950e+04 1.435771638290351815e+00 4.861935294397763209e+04
2.986952888146911178e+00 8.257703542827032450e+00 4.859872514199203579e+04 1.383437297417277723e+00 4.859734170469461242e+04
2.988679165275458960e+00 8.295572891596711074e+00 4.857670968708689907e+04 1.333011011419223957e+00 4.857537667607548792e+04
2.990405442404006742e+00 8.338783596212119065e+00 4.855474205664461624e+04 1.284423197386731719e+00 4.855345763344722945e+04
2.992131719532554079e+00 8.381994300827518174e+00 4.853282196019304683e+04 1.237606810632284615e+00 4.853158435338241543e+04
2.993857996661101861e+00 8.425205005442926165e+00 4.851094911095297721e+04 1.192497252074290248e+00 4.850975661370090529e+04
2.995584273789649199e+00 8.470384220050172885e+00 4.848912322575016151e+04 1.149032279001825696e+00 4.848797419347116374e+04
2.997310550918196981e+00 8.521797697472235811e+00 4.846734402493023663e+04 1.107151919096401871e+00 4.846623687301114114e+04
2.999036828046744318e+00 8.573211174894286302e+00 4.844561123227648204e+04 1.066798387592151398e+00 4.844454443388889194e+04
3.000763105175292100e+00 8.624624652316351003e+00 4.842392457493022084e+04 1.027916007459479530e+00 4.842289665892276389e+04
3.002489382303839882e+00 8.675591365790843668e+00 4.840228378331378190e+04 9.904511325020990409e-01 4.840129333218128158e+04
3.004215659432387220e+00 8.715889063801320447e+00 4.838068859105603042e+04 9.543520732607914114e-01 4.837973423898277542e+04
3.005941936560934558e+00 8.756186761811797226e+00 4.835913873492023413e+04 9.195690256215486302e-01 4.835821916589460307e+04
3.007668213689482339e+00 8.796484459822284663e+00 4.833763395473416313e+04 8.860540020293492525e-01 4.833674790073212353e+04
3.009394490818030121e+00 8.836782157832770324e+00 4.831617399332269270e+04 8.537607652123943014e-01 4.831532023255747481e+04
3.011120767946577459e+00 8.875078485883525659e+00 4.829475859644228331e+04 8.226447643251153519e-01 4.829393595167795866e+04
3.012847045075125241e+00 8.912927220408832341e+00 4.827338751271759247e+04 7.926630734216643104e-01 4.827259484964417788e+04
3.014573322203672578e+00 8.950775954934128364e+00 4.825206049358020391e+04 7.637743321748885483e-01 4.825129671924803552e+04
3.016299599332220360e+00 8.988624689459435047e+00 4.823077729320919025e+04 7.359386887586001347e-01 4.823004135452043556e+04
3.018025876460767698e+00 9.037506646807820232e+00 4.820953766847348015e+04 7.091177448144194706e-01 4.820882855072867096e+04
3.019752153589315480e+00 9.094480645323189449e+00 4.818834137887619727e+04 6.832745024268369605e-01 4.818765810437376786e+04
3.021478430717863262e+00 9.151454643838558667e+00 4.816718818650050525e+04 6.583733130333990768e-01 4.816652981318747334e+04
3.023204707846410599e+00 9.208428642353911897e+00 4.814607785595732275e+04 6.343798281992144572e-01 4.814544347612912679e+04
3.024930984974957937e+00 9.258225919396801729e+00 4.812501015433452267e+04 6.112609521877805374e-01 4.812439889338233479e+04
3.026657262103505719e+00 9.292299078315219063e+00 4.810398485114763025e+04 5.889847962625911482e-01 4.810339586635136948e+04
3.028383539232053501e+00 9.326372237233636397e+00 4.808300171829227475e+04 5.675206346562985393e-01 4.808243419765761791e+04
3.030109816360600838e+00 9.360445396152044850e+00 4.806206052999771055e+04 5.468388621465576360e-01 4.806151369113556575e+04
3.031836093489148620e+00 9.394489326614522184e+00 4.804116106278207008e+04 5.269109531799033297e-01 4.804063415182889003e+04
3.033562370617695958e+00 9.427662979801333165e+00 4.802030309540872986e+04 5.077094224872218398e-01 4.801979538598624640e+04
3.035288647746243740e+00 9.460836632988154804e+00 4.799948640884409542e+04 4.892077871362430219e-01 4.799899720105694723e+04
3.037014924874791078e+00 9.494010286174967561e+00 4.797871078621656488e+04 4.713805299687449102e-01 4.797823940568659600e+04
3.038741202003338859e+00 9.527183939361787424e+00 4.795797601277675130e+04 4.542030643717893112e-01 4.795752180971237976e+04
3.040467479131886641e+00 9.578196431005936873e+00 4.793728187585883279e+04 4.376517003344243539e-01 4.793684422415850713e+04
3.042193756260433979e+00 9.636055690582139732e+00 4.791662816484303767e+04 4.217036117428384356e-01 4.791620646123128972e+04
3.043920033388981317e+00 9.693914950158340815e+00 4.789601467111916281e+04 4.063368048687949208e-01 4.789560833431429637e+04
3.045646310517529098e+00 9.751774209734557886e+00 4.787544118805127073e+04 3.915300880078311785e-01 4.787504965796326724e+04
3.047372587646076880e+00 9.793499939885704109e+00 4.785490751094323059e+04 3.772630422252162830e-01 4.785453024790099880e+04
3.049098864774624218e+00 9.811146320980753899e+00 4.783441343700532889e+04 3.635159931692351076e-01 4.783404992101215612e+04
3.050825141903172000e+00 9.828792702075807242e+00 4.781395876532181137e+04 3.502699839128621817e-01 4.781360849533789587e+04
3.052551419031719337e+00 9.846439083170857032e+00 4.779354329681930540e+04 3.375067487863206428e-01 4.779320579007051128e+04
3.054277696160267119e+00 9.865247822687754464e+00 4.777316683423613722e+04 3.252086881642826666e-01 4.777284162554798240e+04
3.056003973288814457e+00 9.905774940552760199e+00 4.775282918209250056e+04 3.133588441729768248e-01 4.775251582324832998e+04
3.057730250417362239e+00 9.946302058417776593e+00 4.773253014666138188e+04 3.019408772835239230e-01 4.773222820578409301e+04
3.059456527545910021e+00 9.986829176282791209e+00 4.771226953594039514e+04 2.909390437592608292e-01 4.771197859689663164e+04
3.061182804674457358e+00 1.002735629414779694e+01 4.769204715962423506e+04 2.803381739258042904e-01 4.769176682145030645e+04
3.062909081803004696e+00 1.007491714284316231e+01 4.767186282907800341e+04 2.701236512338716644e-01 4.767159270542676677e+04
3.064635358931552478e+00 1.012574224735326922e+01 4.765171635731106653e+04 2.602813920859338714e-01 4.765145607591896987e+04
3.066361636060100260e+00 1.017656735186337436e+01 4.763160755895182956e+04 2.507978263988104306e-01 4.763135676112543297e+04
3.068087913188647597e+00 1.022739245637346706e+01 4.761153625022302003e+04 2.416598788753491489e-01 4.761129459034413594e+04
3.069814190317195379e+00 1.026948278172686280e+01 4.759150224891758262e+04 2.328549509593181299e-01 4.759126939396662783e+04
3.071540467445742717e+00 1.029040122407607605e+01 4.757150537437533058e+04 2.243709034486059128e-01 4.757128100347187137e+04
3.073266744574290499e+00 1.031131966642529463e+01 4.755154544746003376e+04 2.161960397426508917e-01 4.755132925142028398e+04
3.074993021702837837e+00 1.033223810877450788e+01 4.753162229053727788e+04 2.083190897010267217e-01 4.753141397144757502e+04
3.076719298831385618e+00 1.035315655112372824e+01 4.751173572745268757e+04 2.007291940908121908e-01 4.751153499825859035e+04
3.078445575959933400e+00 1.038323775502920654e+01 4.749188558351081156e+04 1.934158896013281614e-01 4.749169216762121505e+04
3.080171853088480738e+00 1.041452439019498222e+01 4.747207168545448803e+04 1.863690944054873788e-01 4.747188531636008702e+04
3.081898130217028076e+00 1.044581102536075967e+01 4.745229386144471937e+04 1.795790942478361352e-01 4.745211428235047060e+04
3.083624407345575857e+00 1.047709766052654423e+01 4.743255194104099792e+04 1.730365290400724121e-01 4.743237890451194835e+04
3.085350684474123639e+00 1.052290963293104831e+01 4.741284575518222846e+04 1.667323799455180389e-01 4.741267902280228009e+04
3.087076961602670977e+00 1.058673196629957758e+01 4.739317513616794167e+04 1.606579569347001135e-01 4.739301447821101465e+04
3.088803238731218759e+00 1.065055429966812284e+01 4.737353991764008242e+04 1.548048867948519369e-01 4.737338511275329074e+04
3.090529515859766096e+00 1.071437663303665389e+01 4.735393993456508178e+04 1.491651015767980204e-01 4.735379076946350688e+04
3.092255792988313878e+00 1.077819896640519914e+01 4.733437502321655484e+04 1.437308274632168315e-01 4.733423129238909314e+04
3.093982070116861216e+00 1.078518282919478288e+01 4.731484502115820214e+04 1.384945740429595340e-01 4.731470652658415202e+04
3.095708347245408998e+00 1.079169503792780382e+01 4.729534976722712599e+04 1.334491239765637216e-01 4.729521631810314284e+04
3.097434624373956780e+00 1.079820724666082477e+01 4.727588910151765594e+04 1.285875230387286128e-01 4.727576051399461721e+04
3.099160901502504117e+00 1.080471945539384393e+01 4.725646286536545085e+04 1.239030705239697744e-01 4.725633896229491802e+04
3.100887178631051455e+00 1.081256748613477292e+01 4.723707090133182646e+04 1.193893100022145048e-01 4.723695151202183479e+04
3.102613455759599237e+00 1.082167894478134684e+01 4.721771305318867235e+04 1.150400204115767933e-01 4.721759801316826633e+04
3.104339732888147019e+00 1.083079040342792077e+01 4.719838916590355802e+04 1.108492074760038526e-01 4.719827831669607986e+04
3.106066010016694356e+00 1.083990186207449291e+01 4.717909908562506462e+04 1.068110954359377113e-01 4.717899227452963532e+04
3.107792287145242138e+00 1.084912744376934945e+01 4.715984265966863313e+04 1.029201190805782984e-01 4.715973973954955727e+04
3.109518564273789476e+00 1.086707843776016702e+01 4.714061973650262371e+04 9.917091607075369242e-02 4.714052056558655750e+04
3.111244841402337258e+00 1.088502943175099169e+01 4.712143016573454952e+04 9.555831954177218535e-02 4.712133460741500312e+04
3.112971118530884596e+00 1.090298042574180926e+01 4.710227379809779086e+04 9.207735097607146202e-02 4.710218172074681206e+04
3.114697395659432377e+00 1.092093141973263215e+01 4.708315048543842568e+04 8.872321333579352709e-02 4.708306176222508657e+04
3.116423672787980159e+00 1.093761980839005510e+01 4.706406008070242387e+04 8.549128444583020681e-02 4.706397458941797959e+04
3.118149949916527497e+00 1.095298732838421785e+01 4.704500243792309629e+04 8.237711061818168978e-02 4.704492006081247382e+04
3.119876227045074835e+00 1.096835484837838059e+01 4.702597741220862372e+04 7.937640050883240650e-02 4.702589803580811713e+04
3.121602504173622616e+00 1.098372236837254690e+01 4.700698485973005154e+04 7.648501919866729226e-02 4.700690837471084524e+04
3.123328781302170398e+00 1.099908988836671320e+01 4.698802463770945906e+04 7.369898249025017001e-02 4.698795093872696452e+04
3.125055058430717736e+00 1.101861309532415589e+01 4.696909660440823791e+04 7.101445141258837246e-02 4.696902558995682193e+04
3.126781335559265518e+00 1.103839514418849177e+01 4.695020061911569064e+04 6.842772692629876807e-02 4.695013219138877321e+04
3.128507612687812856e+00 1.105817719305282232e+01 4.693133654213790578e+04 6.593524482187217151e-02 4.693127060689308564e+04
3.130233889816360637e+00 1.107795924191715820e+01 4.691247945045435335e+04 6.353357080397627199e-02 4.691241591688353947e+04
3.131960166944907975e+00 1.109686207194736518e+01 4.689362884671163192e+04 6.121939575503081848e-02 4.689356762731587514e+04
3.133686444073455757e+00 1.111430968136315300e+01 4.687478423062663933e+04 5.898953117149478148e-02 4.687472524109546794e+04
3.135412721202003539e+00 1.113175729077894083e+01 4.685594509899988770e+04 5.684090476658781171e-02 4.685588825809512491e+04
3.137138998330550876e+00 1.114920490019472510e+01 4.683711094573290029e+04 5.477055623335527756e-02 4.683705617517667270e+04
3.138865275459098214e+00 1.116665250961050759e+01 4.681828126185027213e+04 5.277563316223956441e-02 4.681822848621710727e+04
3.140591552587645996e+00 1.115890313499969189e+01 4.679945553552630736e+04 5.085338710752086017e-02 4.679940468213920394e+04
3.142317829716193778e+00 1.114416777378518653e+01 4.678063325211673509e+04 4.900116979719564697e-02 4.678058425094693666e+04
3.144044106844741115e+00 1.112943241257068472e+01 4.676181389419516927e+04 4.721642948105990445e-02 4.676176667776568502e+04
3.145770383973288897e+00 1.111469705135617758e+01 4.674299694159512728e+04 4.549670741195720874e-02 4.674295144488771621e+04
3.147496661101836235e+00 1.110233743395341932e+01 4.672418187145744014e+04 4.383963445533982373e-02 4.672413803182297852e+04
3.149222938230384017e+00 1.110190883490241553e+01 4.670536815828323597e+04 4.224292782245126637e-02 4.670532591535540996e+04
3.150949215358931355e+00 1.110148023585141352e+01 4.668655527399304992e+04 4.070438792263579575e-02 4.668651456960512587e+04
3.152675492487479136e+00 1.110105163680040974e+01 4.666774268799173296e+04 3.922189533041578469e-02 4.666770346609641274e+04
3.154401769616026474e+00 1.110062303774940773e+01 4.664892986724000366e+04 3.779340786316438827e-02 4.664889207383213216e+04
3.156128046744574256e+00 1.109395631572980889e+01 4.663011627633216267e+04 3.641695776532764134e-02 4.663007985937439662e+04
3.157854323873121594e+00 1.108166849349443339e+01 4.661130137758095952e+04 3.509064899532135517e-02 4.661126628693196835e+04
3.159580601001669375e+00 1.106938067125905434e+01 4.659248463110902958e+04 3.381265461134742856e-02 4.659245081845441746e+04
3.161306878130217157e+00 1.105709284902367529e+01 4.657366549494775245e+04 3.258121425253204112e-02 4.657363291373350512e+04
3.163033155258764495e+00 1.104480502678829801e+01 4.655484342514335731e+04 3.139463171190118307e-02 4.655481203051165357e+04
3.164759432387312277e+00 1.105673041681682278e+01 4.653601787587071158e+04 3.025127259784744782e-02 4.653598762459810678e+04
3.166485709515859615e+00 1.107250611387637740e+01 4.651718829955475667e+04 2.914956208086389236e-02 4.651715914999268716e+04
3.168211986644407396e+00 1.108828181093593734e+01 4.649835414700011461e+04 2.808798272242796212e-02 4.649832605901739589e+04
3.169938263772954734e+00 1.110405750799549196e+01 4.647951486752870551e+04 2.706507238304826923e-02 4.647948780245632952e+04
3.171664540901502516e+00 1.111818843101603882e+01 4.646066990912591427e+04 2.607942220657867224e-02 4.646064382970370934e+04
3.173390818030049854e+00 1.112464079649299009e+01 4.644181871859508828e+04 2.512967467802651803e-02 4.644179358892040909e+04
3.175117095158597635e+00 1.113109316196994314e+01 4.642296074172097724e+04 2.421452175216702238e-02 4.642293652719922829e+04
3.176843372287144973e+00 1.113754552744689263e+01 4.640409542344200599e+04 2.333270305038936607e-02 4.640407209073895501e+04
3.178569649415692755e+00 1.114399789292384568e+01 4.638522220803143864e+04 2.248300412327855144e-02 4.638519972502731252e+04
3.180295926544240537e+00 1.114461499782466269e+01 4.636634053928789945e+04 2.166425477654316395e-02 4.636631887503313192e+04
3.182022203672787874e+00 1.113856836206672440e+01 4.634744986073519976e+04 2.087532745797348807e-02 4.634742898540774331e+04
3.183748480801335656e+00 1.113252172630878256e+01 4.632854961583130353e+04 2.011513570320646108e-02 4.632852950069560757e+04
3.185474757929882994e+00 1.112647509055084427e+01 4.630963924818727537e+04 1.938263263815510201e-02 4.630961986555463955e+04
3.187201035058430776e+00 1.112042845479290243e+01 4.629071820179525093e+04 1.867680953603119767e-02 4.629069952498571365e+04
3.188927312186978114e+00 1.114542044910064789e+01 4.627178592126646254e+04 1.799669442697640273e-02 4.627176792457203555e+04
3.190653589315525895e+00 1.118165327513153251e+01 4.625284185207870905e+04 1.734135075837746690e-02 4.625282451072795811e+04
3.192379866444073233e+00 1.121788610116240825e+01 4.623388544083357556e+04 1.670987610402321216e-02 4.623386873095746705e+04
3.194106143572621015e+00 1.125411892719329288e+01 4.621491613552312629e+04 1.610140092031660600e-02 4.621490003412221267e+04
3.195832420701168353e+00 1.129035175322416684e+01 4.619593338580655109e+04 1.551508734783154340e-02 4.619591787071920407e+04
3.197558697829716134e+00 1.126290568884001075e+01 4.617693664329582680e+04 1.495012805655598041e-02 4.617692169316777290e+04
3.199284974958263916e+00 1.123365477494531106e+01 4.615792536185136851e+04 1.440574513323284248e-02 4.615791095610622870e+04
3.201011252086811254e+00 1.120440386105062025e+01 4.613889899788643379e+04 1.388118900926026481e-02 4.613888511669742002e+04
3.202737529215358592e+00 1.117515294715592766e+01 4.611985701068098570e+04 1.337573742767379434e-02 4.611984363494355784e+04
3.204463806343906374e+00 1.116595047173576916e+01 4.610079886270435236e+04 1.288869444778608341e-02 4.610078597400990839e+04
3.206190083472454155e+00 1.124037991453141316e+01 4.608172401994653046e+04 1.241938948611004401e-02 4.608171160055704240e+04
3.207916360601001493e+00 1.131480935732703941e+01 4.606263195225790696e+04 1.196717639224275168e-02 4.606261998508151737e+04
3.209642637729549275e+00 1.138923880012268341e+01 4.604352213369699166e+04 1.153143255843488459e-02 4.604351060226443951e+04
3.211368914858096613e+00 1.146366824291830788e+01 4.602439404288604419e+04 1.111155806161942712e-02 4.602438293132798572e+04
3.213095191986644394e+00 1.148965890601797746e+01 4.600524716337370046e+04 1.070697483671322926e-02 4.600523645639886672e+04
3.214821469115191732e+00 1.143646353161741480e+01 4.598608098400481686e+04 1.031712588005433140e-02 4.598607066687894985e+04
3.216547746243739514e+00 1.138326815721683616e+01 4.596689499929647718e+04 9.941474481873045430e-03 4.596688505782199354e+04
3.218274023372287296e+00 1.133007278281625929e+01 4.594768870981988584e+04 9.579503486741696924e-03 4.594767913031639910e+04
3.220000300500834634e+00 1.127687740841569486e+01 4.592846162258773984e+04 9.230714580979886702e-03 4.592845239187315747e+04
3.221726577629381971e+00 1.124225809832375589e+01 4.590921325144605362e+04 8.894627606034261405e-03 4.590920435681845265e+04
3.223452854757929753e+00 1.122293996120306936e+01 4.588994311747013853e+04 8.570779896885490079e-03 4.588993454669023777e+04
3.225179131886477535e+00 1.120362182408238283e+01 4.587065074936395831e+04 8.258725644569964858e-03 4.587064249063831812e+04
3.226905409015024873e+00 1.118430368696170163e+01 4.585133568386201659e+04 7.958035281936575236e-03 4.585132772582674079e+04
3.228631686143572654e+00 1.116498554984101510e+01 4.583199746613309981e+04 7.668294891791690819e-03 4.583198979783820687e+04
3.230357963272119992e+00 1.118585055807530537e+01 4.581263565018503141e+04 7.389105636617404604e-03 4.581262826107940054e+04
3.232084240400667774e+00 1.122492416286057981e+01 4.579324979926965170e+04 7.120083209073885082e-03 4.579324267918643454e+04
3.233810517529215112e+00 1.126399776764584537e+01 4.577383948628688813e+04 6.860857302531156963e-03 4.577383262542958255e+04
3.235536794657762893e+00 1.130307137243111981e+01 4.575440429418747954e+04 6.611071100897343046e-03 4.575439768311638909e+04
3.237263071786310675e+00 1.134214497721639425e+01 4.573494381637287006e+04 6.370380787042235343e-03 4.573493744599208731e+04
3.238989348914858013e+00 1.135016244072753544e+01 4.571545765709163970e+04 6.138455069136703433e-03 4.571545151863657520e+04
3.240715626043405351e+00 1.135064854182015459e+01 4.569594543183131464e+04 5.914974724255260725e-03 4.569593951685659704e+04
3.242441903171953133e+00 1.135113464291277552e+01 4.567640676770477148e+04 5.699632158612916687e-03 4.567640106807260599e+04
3.244168180300500914e+00 1.135162074400539467e+01 4.565684130382983858e+04 5.492130983829552997e-03 4.565683581169885292e+04
3.245894457429048252e+00 1.135210684509801560e+01 4.563724869170133024e+04 5.292185608637227021e-03 4.563724339951571164e+04
3.247620734557596034e+00 1.133059679020871613e+01 4.561762859555441537e+04 5.099520845467921115e-03 4.561762349603357143e+04
3.249347011686143816e+00 1.130659677870291624e+01 4.559798069271822897e+04 4.913871531379506580e-03 4.559797577884669590e+04
3.251073288814691153e+00 1.128259676719712346e+01 4.557830467395859887e+04 4.734982162796406990e-03 4.557829993897644454e+04
3.252799565943238491e+00 1.125859675569133067e+01 4.555860024380907998e+04 4.562606543562051573e-03 4.555859568120253971e+04
3.254525843071786273e+00 1.123459674418553078e+01 4.553886712088900094e+04 4.396507445817777679e-03 4.553886272438155720e+04
3.256252120200334055e+00 1.122146560700224427e+01 4.551910503820771555e+04 4.236456283240554697e-03 4.551910080175143230e+04
3.257978397328881393e+00 1.120875400240723607e+01 4.549931374345391669e+04 4.082232796188844763e-03 4.549930966122113023e+04
3.259704674457428730e+00 1.119604239781222965e+01 4.547949299926931417e+04 3.933624748322672206e-03 4.547948906564456411e+04
3.261430951585976512e+00 1.118333079321721790e+01 4.545964258350522869e+04 3.790427634279893224e-03 4.545963879307759635e+04
3.263157228714524294e+00 1.117061918862220615e+01 4.543976228946206538e+04 3.652444398005340407e-03 4.543975863701766502e+04
3.264883505843071632e+00 1.125550821616168662e+01 4.541985192610989907e+04 3.519485161344614900e-03 4.541984840662473289e+04
3.266609782971619413e+00 1.134055417917973507e+01 4.539991131829002552e+04 3.391366962528241397e-03 4.539990792692305695e+04
3.268336060100167195e+00 1.142560014219778353e+01 4.537994030689659849e+04 3.267913504186188353e-03 4.537993703898309468e+04
3.270062337228714533e+00 1.151064610521581066e+01 4.535993874903751566e+04 3.148954910544785220e-03 4.535993560008260829e+04
3.271788614357261871e+00 1.159636018682717307e+01 4.533990651817411708e+04 3.034327493471518714e-03 4.533990348384661775e+04
3.273514891485809652e+00 1.174336680906175268e+01 4.531984350423912838e+04 2.923873527045470211e-03 4.531984058036559145e+04
3.275241168614357434e+00 1.189037343129633406e+01 4.529974961373233964e+04 2.817441030342430347e-03 4.529974679629130696e+04
3.276967445742904772e+00 1.203738005353087637e+01 4.527962476979375060e+04 2.714883558135146140e-03 4.527962205491018540e+04
3.278693722871452110e+00 1.218438667576541867e+01 4.525946891225349100e+04 2.616059999220443806e-03 4.525946629619349551e+04
3.280419999999999892e+00 1.233139329800000006e+01 4.523928199765898898e+04 2.520834382095215286e-03 4.523927947682460217e+04
